{
    "directory name": "llvm-project/lldb/source/Plugins/LanguageRuntime/ObjC/AppleObjCRuntime",
    "score.sum": 0.0015434645367249935,
    "sha.latest": "624ea68cbc3ce422b3ee110c0c0af839eec2e278",
    "time.latest": 1717871305.7388654,
    "formatted_time": "2024-06-08 23:58:25.738869",
    "filescores": {
        "AppleObjCClassDescriptorV2.cpp": 0.00010487023390163274,
        "AppleObjCClassDescriptorV2.h": 7.559426023574735e-05,
        "AppleObjCDeclVendor.cpp": 0.00013171210933469354,
        "AppleObjCDeclVendor.h": 4.651366974787976e-05,
        "AppleObjCRuntime.cpp": 0.00033139446986914256,
        "AppleObjCRuntime.h": 0.0001087456132789113,
        "AppleObjCRuntimeV1.cpp": 0.00019982719332661011,
        "AppleObjCRuntimeV1.h": 0.00013860020731733345,
        "AppleObjCRuntimeV2.cpp": 0.0009001787488059591,
        "AppleObjCRuntimeV2.h": 0.0002475469123547734,
        "AppleObjCTrampolineHandler.cpp": 0.0002591727254045506,
        "AppleObjCTrampolineHandler.h": 7.691513310017433e-05,
        "AppleObjCTypeEncodingParser.cpp": 0.00011093121500647703,
        "AppleObjCTypeEncodingParser.h": 4.640704812964777e-05,
        "AppleThreadPlanStepThroughObjCTrampoline.cpp": 0.0001344650273693893,
        "AppleThreadPlanStepThroughObjCTrampoline.h": 4.35845050881218e-05,
        "CMakeLists.txt": 3.048481982352177e-05
    },
    "subdirscores": {}
}