{
    "directory name": "llvm-project/llvm/utils/gn/secondary/clang-tools-extra",
    "score.sum": 0.0011265057119219256,
    "sha.latest": "97e9780e4cca0dd2e47ac6ba8462fa965b32da76",
    "time.latest": 1718083155.5649533,
    "formatted_time": "2024-06-11 00:19:15.564954",
    "filescores": {},
    "subdirscores": {
        "clang-apply-replacements": 0.9467267795544801,
        "clang-change-namespace": 0.8776239375332087,
        "clang-doc": 1.0101743813314035,
        "clang-include-fixer": 1.0171582652289888,
        "clang-move": 0.8867126003636597,
        "clang-query": 0.8776239375332087,
        "clang-reorder-fields": 0.8776239375332087,
        "clang-tidy": 50.27256188205784,
        "clangd": 28.143589117226092,
        "include-cleaner": 0.5414621518824525,
        "modularize": 0.5425838189945054,
        "pp-trace": 0.5414621518824525,
        "pseudo": 2.818748084885851,
        "test": 5.995487374500956,
        "unittests": 4.65046157949169
    }
}