{
    "directory name": "llvm-project/mlir/docs/Dialects",
    "score.sum": 0.0005268087191586456,
    "sha.latest": "0ddb1221471ae481cc0c7dfd57b71d98e7e60a27",
    "time.latest": 1717788176.8915205,
    "formatted_time": "2024-06-07 14:22:56.891523",
    "filescores": {
        "Affine.md": 8.95405147486536,
        "ArmSME.md": 1.6734969448064347,
        "Builtin.md": 1.3594118019223673,
        "Func.md": 0.0,
        "GPU.md": 4.222228004732673,
        "LLVM.md": 12.528643133161847,
        "MemRef.md": 1.5084098729537965,
        "Mesh.md": 2.5126606745654296,
        "OpenACCDialect.md": 1.1578399990403987,
        "SPIR-V.md": 22.873339890901644,
        "ShapeDialect.md": 2.050325450651711,
        "TOSA.md": 1.5332746617687636,
        "Transform.md": 12.823524630026387,
        "Vector.md": 8.298430737576725,
        "_index.md": 1.1578399990403987,
        "emitc.md": 7.988158793265095
    },
    "subdirscores": {
        "Linalg": 9.358363930720959
    },
    "score.percentage": 24.382993413251704
}