{
    "directory name": "llvm-project/third-party/benchmark/cmake",
    "score.sum": 0.0009701285243018527,
    "sha.latest": "a5b797172cc902db166e9a695716fb81405f86e4",
    "time.latest": 1717788508.0466373,
    "formatted_time": "2024-06-07 14:28:28.046641",
    "filescores": {
        "AddCXXCompilerFlag.cmake": 0.0204221806543733,
        "CXXFeatureCheck.cmake": 0.06074663779480249,
        "Config.cmake.in": 0.036015528017658976,
        "GetGitVersion.cmake": 0.06074663779480249,
        "GoogleTest.cmake": 0.06140042962513437,
        "GoogleTest.cmake.in": 0.036015528017658976,
        "benchmark.pc.in": 0.06074663779480249,
        "gnu_posix_regex.cpp": 0.0204221806543733,
        "llvm-toolchain.cmake": 0.0204221806543733,
        "posix_regex.cpp": 0.0204221806543733,
        "pthread_affinity.cpp": 0.0,
        "split_list.cmake": 0.0204221806543733,
        "std_regex.cpp": 0.0204221806543733,
        "steady_clock.cpp": 0.0204221806543733,
        "thread_safety_attributes.cpp": 0.0204221806543733
    },
    "subdirscores": {
        "Modules": 0.0009515965143047197
    }
}