{
    "directory name": "llvm-project/third-party/benchmark/cmake",
    "score.sum": 0.00016384214102097025,
    "sha.latest": "a5b797172cc902db166e9a695716fb81405f86e4",
    "time.latest": 1717788508.0466373,
    "formatted_time": "2024-06-07 14:28:28.046641",
    "filescores": {
        "AddCXXCompilerFlag.cmake": 3.786960085491338,
        "CXXFeatureCheck.cmake": 11.264472513979726,
        "Config.cmake.in": 6.678491850064133,
        "GetGitVersion.cmake": 11.264472513979726,
        "GoogleTest.cmake": 11.385707538171767,
        "GoogleTest.cmake.in": 6.678491850064133,
        "benchmark.pc.in": 11.264472513979726,
        "gnu_posix_regex.cpp": 3.786960085491338,
        "llvm-toolchain.cmake": 3.786960085491338,
        "posix_regex.cpp": 3.786960085491338,
        "pthread_affinity.cpp": 0.0,
        "split_list.cmake": 3.786960085491338,
        "std_regex.cpp": 3.786960085491338,
        "steady_clock.cpp": 3.786960085491338,
        "thread_safety_attributes.cpp": 3.786960085491338
    },
    "subdirscores": {
        "Modules": 11.168210535830065
    },
    "score.percentage": 5.892843443881539
}