{
    "directory name": "llvm-project/lldb/unittests/Host",
    "score.sum": 0.029549624684615774,
    "sha.latest": "2c1108f44342019a67ce55bb98e2a05b57a70b9a",
    "time.latest": 1717996437.2769995,
    "formatted_time": "2024-06-10 10:43:57.277002",
    "filescores": {
        "CMakeLists.txt": 0.3168431832013005,
        "ConnectionFileDescriptorTest.cpp": 0.16492740522820645,
        "FileActionTest.cpp": 0.020253370712014006,
        "FileSystemTest.cpp": 0.16325166803205066,
        "FileTest.cpp": 0.02393972568615249,
        "HostInfoTest.cpp": 0.21885712177854535,
        "HostTest.cpp": 0.03666165274410279,
        "MainLoopTest.cpp": 0.22739946548075576,
        "NativeProcessProtocolTest.cpp": 0.07872834141758409,
        "PipeTest.cpp": 0.02007646631636598,
        "ProcessLaunchInfoTest.cpp": 0.020253370712014006,
        "SocketAddressTest.cpp": 0.10427018639446166,
        "SocketTest.cpp": 0.4349917873602567,
        "ThreadLauncherTest.cpp": 0.0,
        "XMLTest.cpp": 0.0
    },
    "subdirscores": {
        "common": 0.0,
        "linux": 0.0008163895284854303,
        "posix": 0.0003560369300868733
    }
}