{
    "directory name": "llvm-project/compiler-rt/lib/ubsan",
    "score.sum": 0.047074005982385925,
    "sha.latest": "2d5fb27db71b57f299793160181ef28fea5573e7",
    "time.latest": 1717808546.2600434,
    "formatted_time": "2024-06-08 06:32:26.260045",
    "filescores": {
        "CMakeLists.txt": 0.9433271521474724,
        "ubsan.syms.extra": 0.0,
        "ubsan_checks.inc": 0.18270358286682647,
        "ubsan_diag.cpp": 0.1913871034495541,
        "ubsan_diag.h": 0.1718476258861134,
        "ubsan_diag_standalone.cpp": 0.02007646631636598,
        "ubsan_flags.cpp": 0.022062892737409558,
        "ubsan_flags.h": 0.042039862052321866,
        "ubsan_flags.inc": 0.06037307706704603,
        "ubsan_handlers.cpp": 0.04508399914022638,
        "ubsan_handlers.h": 0.2626544137319127,
        "ubsan_handlers_cxx.cpp": 0.03596258060240372,
        "ubsan_handlers_cxx.h": 0.08677441986233443,
        "ubsan_init.cpp": 0.04422434668379506,
        "ubsan_init.h": 0.03531785827001587,
        "ubsan_init_standalone.cpp": 0.0,
        "ubsan_init_standalone_preinit.cpp": 0.0,
        "ubsan_interface.inc": 0.10061803655367764,
        "ubsan_monitor.cpp": 0.0639025833116032,
        "ubsan_monitor.h": 0.02007646631636598,
        "ubsan_platform.h": 0.20453284377492664,
        "ubsan_signals_standalone.cpp": 0.0621790409871192,
        "ubsan_signals_standalone.h": 0.02007646631636598,
        "ubsan_type_hash.cpp": 0.02007646631636598,
        "ubsan_type_hash.h": 0.06021659110920702,
        "ubsan_type_hash_itanium.cpp": 0.03683121518175084,
        "ubsan_type_hash_win.cpp": 0.02007646631636598,
        "ubsan_value.cpp": 0.05629819039736251,
        "ubsan_value.h": 0.05298863900451378,
        "ubsan_win_dll_thunk.cpp": 0.0,
        "ubsan_win_dynamic_runtime_thunk.cpp": 0.0,
        "ubsan_win_weak_interception.cpp": 0.0,
        "weak_symbols.txt": 0.020122090205017915
    },
    "subdirscores": {}
}