{
    "directory name": "llvm-project/lldb/include/lldb/Host/common",
    "score.sum": 0.00041235048506550634,
    "sha.latest": "12dee9d3cd762d9754e2adadffa13c1cce85cf07",
    "time.latest": 1717847203.2334692,
    "formatted_time": "2024-06-08 17:16:43.233474",
    "filescores": {
        "GetOptInc.h": 4.174046512558345,
        "NativeBreakpointList.h": 6.5137337461086835,
        "NativeProcessProtocol.h": 48.18067490286761,
        "NativeRegisterContext.h": 12.83388175350165,
        "NativeThreadProtocol.h": 9.27442801805112,
        "NativeWatchpointList.h": 4.361832142375335,
        "TCPSocket.h": 6.213224596784737,
        "UDPSocket.h": 8.448178327752524,
        "ZipFileResolver.h": 0.0
    },
    "subdirscores": {},
    "score.percentage": 7.232155128371762
}