{
    "directory name": "llvm-project/flang/runtime/Float128Math",
    "score.sum": 0.0015190798578451224,
    "sha.latest": "50d848d0761e052e203136f3de9a332bd619595a",
    "time.latest": 1717792997.0425577,
    "formatted_time": "2024-06-07 15:43:17.042561",
    "filescores": {
        "CMakeLists.txt": 0.06256815125224409,
        "acos.cpp": 0.02007646631636598,
        "acosh.cpp": 0.02007646631636598,
        "asin.cpp": 0.02007646631636598,
        "asinh.cpp": 0.02007646631636598,
        "atan.cpp": 0.02007646631636598,
        "atan2.cpp": 0.02007646631636598,
        "atanh.cpp": 0.02007646631636598,
        "ceil.cpp": 0.02007646631636598,
        "complex-math.c": 0.0,
        "complex-math.h": 0.0,
        "cos.cpp": 0.02007646631636598,
        "cosh.cpp": 0.02007646631636598,
        "erf.cpp": 0.02007646631636598,
        "erfc.cpp": 0.02007646631636598,
        "exp.cpp": 0.02007646631636598,
        "exponent.cpp": 0.020994824746796828,
        "floor.cpp": 0.02007646631636598,
        "fraction.cpp": 0.020994824746796828,
        "hypot.cpp": 0.02007646631636598,
        "j0.cpp": 0.02007646631636598,
        "j1.cpp": 0.02007646631636598,
        "jn.cpp": 0.02007646631636598,
        "lgamma.cpp": 0.02007646631636598,
        "llround.cpp": 0.02007646631636598,
        "log.cpp": 0.02007646631636598,
        "log10.cpp": 0.02007646631636598,
        "lround.cpp": 0.02007646631636598,
        "math-entries.h": 0.08314509805319391,
        "mod-real.cpp": 0.020994824746796828,
        "modulo-real.cpp": 0.020994824746796828,
        "nearest.cpp": 0.020994824746796828,
        "norm2.cpp": 0.02007646631636598,
        "numeric-template-specs.h": 0.0,
        "pow.cpp": 0.02007646631636598,
        "round.cpp": 0.02007646631636598,
        "rrspacing.cpp": 0.020994824746796828,
        "scale.cpp": 0.020994824746796828,
        "set-exponent.cpp": 0.020994824746796828,
        "sin.cpp": 0.02007646631636598,
        "sinh.cpp": 0.02007646631636598,
        "spacing.cpp": 0.020994824746796828,
        "sqrt.cpp": 0.02007646631636598,
        "tan.cpp": 0.02007646631636598,
        "tanh.cpp": 0.02007646631636598,
        "tgamma.cpp": 0.02007646631636598,
        "trunc.cpp": 0.02007646631636598,
        "y0.cpp": 0.02007646631636598,
        "y1.cpp": 0.02007646631636598,
        "yn.cpp": 0.02007646631636598
    },
    "subdirscores": {}
}