{
    "directory name": "llvm-project/lldb/source/Plugins/Platform",
    "score.sum": 0.00426226992686658,
    "sha.latest": "1b26c25f7e56fe3d5e06c285566ef43812d7baee",
    "time.latest": 1717873889.621866,
    "formatted_time": "2024-06-09 00:41:29.621869",
    "filescores": {
        "CMakeLists.txt": 0.578435904333376
    },
    "subdirscores": {
        "Android": 7.924399746414239,
        "FreeBSD": 7.931865332991881,
        "gdb-server": 13.500748353355238,
        "Linux": 9.973909687885039,
        "MacOSX": 35.77923266976665,
        "NetBSD": 4.0526051203025,
        "OpenBSD": 2.049727039103795,
        "POSIX": 9.61400082465009,
        "QemuUser": 1.7699418060275502,
        "Windows": 6.825133515169639
    },
    "score.percentage": 7.314439650188776
}