{
    "directory name": "llvm-project/llvm/unittests/ExecutionEngine/Orc",
    "score.sum": 0.0013047215276933005,
    "sha.latest": "54226e234fa4fd00b58e7550329f1645ca37a0a1",
    "time.latest": 1718081087.4227834,
    "formatted_time": "2024-06-10 23:44:47.422788",
    "filescores": {
        "CMakeLists.txt": 0.00023846324949120895,
        "CoreAPIsTest.cpp": 0.00018127452643054874,
        "EPCGenericJITLinkMemoryManagerTest.cpp": 2.5863178836819332e-05,
        "EPCGenericMemoryAccessTest.cpp": 7.91028806859709e-06,
        "ExecutionSessionWrapperFunctionCallsTest.cpp": 9.730604411938008e-06,
        "ExecutorAddressTest.cpp": 2.1357828955129067e-05,
        "IndirectionUtilsTest.cpp": 2.818240511184131e-05,
        "JITTargetMachineBuilderTest.cpp": 1.1609300563568724e-05,
        "LazyCallThroughAndReexportsTest.cpp": 2.7257480890221432e-05,
        "LookupAndRecordAddrsTest.cpp": 6.463951592641803e-06,
        "MapperJITLinkMemoryManagerTest.cpp": 1.5225311319196487e-05,
        "MemoryMapperTest.cpp": 7.852330972169034e-06,
        "ObjectFormatsTest.cpp": 6.099602068851199e-06,
        "ObjectLinkingLayerTest.cpp": 6.687052575229304e-05,
        "OrcCAPITest.cpp": 0.00018269798719302695,
        "OrcTestCommon.cpp": 1.47408833240065e-05,
        "OrcTestCommon.h": 0.00010962512333967748,
        "RTDyldObjectLinkingLayerTest.cpp": 8.230418408468504e-05,
        "ResourceTrackerTest.cpp": 1.580264302012097e-05,
        "SharedMemoryMapperTest.cpp": 8.77542171030521e-06,
        "SimpleExecutorMemoryManagerTest.cpp": 9.393633269760567e-06,
        "SimplePackedSerializationTest.cpp": 3.5386256303633234e-05,
        "SymbolStringPoolTest.cpp": 3.274974101948747e-05,
        "TaskDispatchTest.cpp": 6.099602068851199e-06,
        "ThreadSafeModuleTest.cpp": 1.5131438860038521e-05,
        "WrapperFunctionUtilsTest.cpp": 1.0439886289113053e-05
    },
    "subdirscores": {}
}