{
    "directory name": "llvm-project/llvm/unittests/Target",
    "score.sum": 0.000657733507547186,
    "sha.latest": "d36d805373c27103edf13164260ef679efd30dc1",
    "time.latest": 1718084474.3757863,
    "formatted_time": "2024-06-11 00:41:14.375787",
    "filescores": {
        "CMakeLists.txt": 1.219748884643917e-05,
        "TargetMachineOptionsTest.cpp": 0
    },
    "subdirscores": {
        "AArch64": 0.00018556421129792573,
        "AMDGPU": 4.1433829362823624e-05,
        "ARM": 0.00010424086337919727,
        "DirectX": 3.324499109767247e-05,
        "LoongArch": 3.444530830982187e-05,
        "PowerPC": 3.261730866093937e-05,
        "RISCV": 6.631581914927234e-05,
        "SPIRV": 6.099602068851199e-06,
        "VE": 6.5345552434153905e-06,
        "WebAssembly": 5.799521876999586e-05,
        "X86": 4.830811884533834e-05
    }
}