{
    "directory name": "llvm-project/compiler-rt/lib/orc",
    "score.sum": 0.000526530661354766,
    "sha.latest": "bd9bec8e78a8f1f4229c18713425406007a92b64",
    "time.latest": 1717802127.4926097,
    "formatted_time": "2024-06-08 04:45:27.492613",
    "filescores": {
        "adt.h": 3.6395648826881013,
        "bitmask_enum.h": 0.0,
        "CMakeLists.txt": 13.107609456028497,
        "coff_platform.cpp": 1.72685052484926,
        "coff_platform.h": 1.1584514476624956,
        "coff_platform.per_jd.cpp": 1.1584514476624956,
        "common.h": 3.9196909948751233,
        "compiler.h": 1.635728200798019,
        "debug.cpp": 1.1584514476624956,
        "debug.h": 1.1584514476624956,
        "dlfcn_wrapper.cpp": 1.1584514476624956,
        "elfnix_platform.cpp": 6.399912927103707,
        "elfnix_platform.h": 1.5426865662984126,
        "elfnix_tls.aarch64.S": 0.0,
        "elfnix_tls.ppc64.S": 0.0,
        "elfnix_tls.x86-64.S": 3.426170248753329,
        "endianness.h": 0.0,
        "error.h": 1.1584514476624956,
        "executor_address.h": 4.309059868911355,
        "executor_symbol_def.h": 0.0,
        "extensible_rtti.cpp": 2.2749993912056174,
        "extensible_rtti.h": 2.2749993912056174,
        "interval_map.h": 1.1810142439085287,
        "interval_set.h": 0.0,
        "log_error_to_stderr.cpp": 0.0,
        "macho_platform.cpp": 19.76289146870042,
        "macho_platform.h": 2.264958150026143,
        "macho_tlv.arm64.S": 0.0,
        "macho_tlv.x86-64.S": 3.5113500894411094,
        "run_program_wrapper.cpp": 1.922435091175442,
        "simple_packed_serialization.h": 4.97023042413605,
        "stl_extras.h": 3.5256787573588575,
        "string_pool.h": 0.0,
        "wrapper_function_utils.h": 4.763289873882445
    },
    "subdirscores": {
        "tests": 6.890170762679015
    }
}