{
    "directory name": "llvm-project/libcxx/include/__format",
    "score.sum": 0.0015787366495901862,
    "sha.latest": "087666811452e1b6490d59572337aaa907f93e7c",
    "time.latest": 1717833517.417394,
    "formatted_time": "2024-06-08 13:28:37.417399",
    "filescores": {
        "buffer.h": 5.49510865106536,
        "concepts.h": 1.7158723876251254,
        "container_adaptor.h": 0.806473018805969,
        "enable_insertable.h": 0.3863596927603191,
        "escaped_output_table.h": 0.4975166366472107,
        "extended_grapheme_cluster_table.h": 0.8295860002105316,
        "formatter.h": 2.6316098825074867,
        "formatter_bool.h": 3.8223389239571333,
        "formatter_char.h": 2.7140876954956585,
        "formatter_floating_point.h": 5.29032790085706,
        "formatter_integer.h": 2.900778976100137,
        "formatter_integral.h": 5.694862898662048,
        "formatter_output.h": 5.174364096585231,
        "formatter_pointer.h": 2.4050310772278563,
        "formatter_string.h": 4.540911822351646,
        "formatter_tuple.h": 2.1571870608458754,
        "format_arg.h": 6.667453494534343,
        "format_args.h": 2.3147765119285353,
        "format_arg_store.h": 3.6204304249377253,
        "format_context.h": 5.191634460283508,
        "format_error.h": 3.1721879428869877,
        "format_functions.h": 5.174054889203818,
        "format_parse_context.h": 2.506850268316171,
        "format_string.h": 2.8324671538147634,
        "format_to_n_result.h": 0.9327170911398792,
        "parser_std_format_spec.h": 12.419827555703353,
        "range_default_formatter.h": 2.1562364001435226,
        "range_formatter.h": 1.7397614651649296,
        "unicode.h": 2.797443605651583,
        "width_estimation_table.h": 0.0,
        "write_escaped.h": 1.4117420145862196
    },
    "subdirscores": {}
}