{
    "directory name": "llvm-project/flang/include/flang/Optimizer/Dialect",
    "score.sum": 0.05408320120067493,
    "sha.latest": "b3189b13b274a3411f939574aa573a7656bf372b",
    "time.latest": 1717789853.4638345,
    "formatted_time": "2024-06-07 14:50:53.463836",
    "filescores": {
        "CMakeLists.txt": 0.09292801233958489,
        "CanonicalizationPatterns.td": 0.05246641725595518,
        "FIRAttr.h": 0.09029441410345312,
        "FIRAttr.td": 0.1431808073302324,
        "FIRDialect.h": 0.21141781719162642,
        "FIRDialect.td": 0.12491306948149347,
        "FIROps.h": 0.20291092947140743,
        "FIROps.td": 1.6756750196560075,
        "FIROpsSupport.h": 0.29637449559899726,
        "FIRType.h": 0.8385779065890674,
        "FIRTypes.td": 0.3019187788074543,
        "FirAliasTagOpInterface.h": 0.0,
        "FirAliasTagOpInterface.td": 0.0,
        "FortranVariableInterface.h": 0.02007646631636598,
        "FortranVariableInterface.td": 0.0657473574006906
    },
    "subdirscores": {
        "Support": 0.0004500191339089853
    }
}