{
    "directory name": "llvm-project/clang/include/clang",
    "score.sum": 5.144988257261556,
    "sha.latest": "3f6bc1adf805681293c2ef0b93b708ff52244c00",
    "time.latest": 1717803392.1256895,
    "formatted_time": "2024-06-08 05:06:32.125692",
    "filescores": {
        "CMakeLists.txt": 0.16217046500451884
    },
    "subdirscores": {
        "Analysis": 0.22708147851249566,
        "APINotes": 0.00682135614446648,
        "ARCMigrate": 0.004096525214462347,
        "AST": 1.0726529593860121,
        "ASTMatchers": 0.09070902958505855,
        "Basic": 2.256525790700504,
        "CodeGen": 0.03489024186952247,
        "Config": 0.009233942825340435,
        "CrossTU": 0.007556040621894294,
        "DirectoryWatcher": 0.00034435566704933316,
        "Driver": 0.6721124676104705,
        "Edit": 0.0035057636279775687,
        "ExtractAPI": 0.009182851842416353,
        "Format": 0.08114159879772595,
        "Frontend": 0.18353498583991593,
        "FrontendTool": 0.000599003405323312,
        "Index": 0.015916030624698103,
        "IndexSerialization": 0.0006686749453245573,
        "InstallAPI": 0.0014433597842558354,
        "Interpreter": 0.006341397146313244,
        "Lex": 0.216419411148208,
        "Parse": 0.17784694728889278,
        "Rewrite": 0.011257844144083755,
        "Sema": 0.716344341208668,
        "Serialization": 0.1555192306461623,
        "StaticAnalyzer": 0.2208693679534202,
        "Support": 0.009478047741804194,
        "Testing": 0.0016181875535743386,
        "Tooling": 0.14229987921900475
    }
}