{
    "directory name": "llvm-project/clang/include/clang",
    "score.sum": 0.12188433404204524,
    "sha.latest": "3f6bc1adf805681293c2ef0b93b708ff52244c00",
    "time.latest": 1717803392.1256895,
    "formatted_time": "2024-06-08 05:06:32.125692",
    "filescores": {
        "CMakeLists.txt": 0.04042388984791179
    },
    "subdirscores": {
        "Analysis": 3.582532911751151,
        "APINotes": 0.10761658348539584,
        "ARCMigrate": 0.06462850471454118,
        "AST": 16.922624227480533,
        "ASTMatchers": 1.4310638014610206,
        "Basic": 35.59989993175511,
        "CodeGen": 0.5504431299959328,
        "Config": 0.14567856565717302,
        "CrossTU": 0.11920727479751445,
        "DirectoryWatcher": 0.005432699833704722,
        "Driver": 10.603528968481205,
        "Edit": 0.055308401461542554,
        "ExtractAPI": 0.1448725328225349,
        "Format": 1.280123989455903,
        "Frontend": 2.8955251284093557,
        "FrontendTool": 0.009450129653368864,
        "Index": 0.25109799315615505,
        "IndexSerialization": 0.010549297171133258,
        "InstallAPI": 0.022771051009825235,
        "Interpreter": 0.10004454846766336,
        "Lex": 3.4143236527218352,
        "Parse": 2.805788239932877,
        "Rewrite": 0.17760848408130162,
        "Sema": 11.301349609565502,
        "Serialization": 2.453536791506473,
        "StaticAnalyzer": 3.4845280428595644,
        "Support": 0.14952966748582155,
        "Testing": 0.025529207428280604,
        "Tooling": 2.244982743549671
    },
    "score.percentage": 98.5519819366903
}