{
    "directory name": "llvm-project/clang/include/clang",
    "score.sum": 0.0989329028675879,
    "sha.latest": "3f6bc1adf805681293c2ef0b93b708ff52244c00",
    "time.latest": 1717803392.1256895,
    "formatted_time": "2024-06-08 05:06:32.125692",
    "filescores": {
        "CMakeLists.txt": 4.9270388935017216e-05
    },
    "subdirscores": {
        "Analysis": 0.004366546381324983,
        "APINotes": 0.00013116775609997634,
        "ARCMigrate": 7.877202257265032e-05,
        "AST": 0.020626027842102452,
        "ASTMatchers": 0.0017442425841275415,
        "Basic": 0.04339070095145424,
        "CodeGen": 0.0006709039432757321,
        "Config": 0.00017755934959324895,
        "CrossTU": 0.00014529499301662132,
        "DirectoryWatcher": 6.621610012814299e-06,
        "Driver": 0.012924040668188665,
        "Edit": 6.741227679070196e-05,
        "ExtractAPI": 0.00017657692184059007,
        "Format": 0.0015602705994607888,
        "Frontend": 0.0035291915197818184,
        "FrontendTool": 1.1518227594118479e-05,
        "Index": 0.0003060491167513199,
        "IndexSerialization": 1.285794060315209e-05,
        "InstallAPI": 2.7754343877699904e-05,
        "Interpreter": 0.00012193863164518267,
        "Lex": 0.004161525646160042,
        "Parse": 0.003419816310872209,
        "Rewrite": 0.0002164769180246664,
        "Sema": 0.013774574709382191,
        "Serialization": 0.002990476978804229,
        "StaticAnalyzer": 0.004247093799547693,
        "Support": 0.00018225323941037825,
        "Testing": 3.111610446017216e-05,
        "Tooling": 0.002736282266334353
    }
}