{
    "directory name": "llvm-project/llvm/include/llvm/DebugInfo/PDB/DIA",
    "score.sum": 0.0055873416413163264,
    "sha.latest": "89fab98e884f05076bbd420d95b5de3596f5452c",
    "time.latest": 1717813275.6223626,
    "formatted_time": "2024-06-07 21:21:15.622366",
    "filescores": {
        "DIADataStream.h": 0.04256847513478047,
        "DIAEnumDebugStreams.h": 0.05644307388120771,
        "DIAEnumFrameData.h": 0.020707558017894093,
        "DIAEnumInjectedSources.h": 0.04380528245362472,
        "DIAEnumLineNumbers.h": 0.05644307388120771,
        "DIAEnumSectionContribs.h": 0.03293919514331058,
        "DIAEnumSourceFiles.h": 0.05644307388120771,
        "DIAEnumSymbols.h": 0.05644297243660249,
        "DIAEnumTables.h": 0.03414012015731638,
        "DIAError.h": 0.040665171142151214,
        "DIAFrameData.h": 0.020707558017894093,
        "DIAInjectedSource.h": 0.03421918795202078,
        "DIALineNumber.h": 0.02634258666662008,
        "DIARawSymbol.h": 0.14980106616453728,
        "DIASectionContrib.h": 0.02136569386102749,
        "DIASession.h": 0.22941864524714345,
        "DIASourceFile.h": 0.03154698196343467,
        "DIASupport.h": 0.04451718003237304,
        "DIATable.h": 0.02007646631636598,
        "DIAUtils.h": 0.02007646631636598
    },
    "subdirscores": {}
}