{
    "directory name": "llvm-project/llvm/include/llvm/Transforms/Instrumentation",
    "score.sum": 0.0007462823911229789,
    "sha.latest": "a6a6fca7911feab8325129ea57247303b3c8d558",
    "time.latest": 1717824598.8587127,
    "formatted_time": "2024-06-08 00:29:58.858716",
    "filescores": {
        "AddressSanitizer.h": 14.00446715944304,
        "AddressSanitizerCommon.h": 5.893648133648029,
        "AddressSanitizerOptions.h": 3.8796732007373658,
        "BlockCoverageInference.h": 0.0,
        "BoundsChecking.h": 3.655415314330316,
        "CFGMST.h": 3.595035315461123,
        "CGProfile.h": 2.72982026062421,
        "ControlHeightReduction.h": 0.9047933668159331,
        "DataFlowSanitizer.h": 0.9655699168098457,
        "GCOVProfiler.h": 1.7561195212038634,
        "HWAddressSanitizer.h": 9.894191820242192,
        "InstrOrderFile.h": 1.4647511512227995,
        "InstrProfiling.h": 16.016579001063995,
        "KCFI.h": 0.8230120015332684,
        "MemProfiler.h": 6.775410570990252,
        "MemorySanitizer.h": 7.265918828113501,
        "PGOForceFunctionAttrs.h": 0.0,
        "PGOInstrumentation.h": 5.087197537127637,
        "PoisonChecking.h": 0.8173316349690011,
        "RemoveTrapsPass.h": 0.0,
        "SanitizerBinaryMetadata.h": 6.310879054812574,
        "SanitizerCoverage.h": 4.3032861690331385,
        "ThreadSanitizer.h": 3.856900041817901
    },
    "subdirscores": {}
}