{
    "directory name": "llvm-project/clang/unittests/Tooling/RecursiveASTVisitorTests",
    "score.sum": 0.00022903015384796298,
    "sha.latest": "a87dc23a6271cadd6d3f93561f2d8b1661399e6d",
    "time.latest": 1718083034.5754735,
    "formatted_time": "2024-06-11 10:47:14.575476",
    "filescores": {
        "Attr.cpp": 3.7505895338321706,
        "BitfieldInitializer.cpp": 0.0,
        "CallbacksBinaryOperator.cpp": 2.6632310053375314,
        "CallbacksCallExpr.cpp": 0.0,
        "CallbacksCommon.h": 2.6632310053375314,
        "CallbacksCompoundAssignOperator.cpp": 2.6632310053375314,
        "CallbacksLeaf.cpp": 0.0,
        "CallbacksUnaryOperator.cpp": 2.6632310053375314,
        "Class.cpp": 2.6632310053375314,
        "Concept.cpp": 6.434350729341333,
        "ConstructExpr.cpp": 2.6632310053375314,
        "CXXBoolLiteralExpr.cpp": 2.6632310053375314,
        "CXXMemberCall.cpp": 3.7505895338321706,
        "CXXMethodDecl.cpp": 2.6632310053375314,
        "CXXOperatorCallExprTraverser.cpp": 3.003723223771205,
        "DeclRefExpr.cpp": 4.090977978952246,
        "ImplicitCtor.cpp": 2.6632310053375314,
        "ImplicitCtorInitializer.cpp": 4.899270277687179,
        "InitListExprPostOrder.cpp": 3.7505895338321706,
        "InitListExprPostOrderNoQueue.cpp": 3.1427412499423864,
        "InitListExprPreOrder.cpp": 4.908791799810306,
        "InitListExprPreOrderNoQueue.cpp": 3.1427412499423864,
        "IntegerLiteral.cpp": 2.6632310053375314,
        "LambdaDefaultCapture.cpp": 2.6632310053375314,
        "LambdaExpr.cpp": 10.113103987740118,
        "LambdaTemplateParams.cpp": 2.811814492116622,
        "MemberPointerTypeLoc.cpp": 4.337464478012545,
        "NestedNameSpecifiers.cpp": 2.6632310053375314,
        "ParenExpr.cpp": 2.6632310053375314,
        "TemplateArgumentLocTraverser.cpp": 4.391242883478634,
        "TraversalScope.cpp": 2.8500059783206053
    },
    "subdirscores": {}
}