{
    "directory name": "llvm-project/libc/src/ctype",
    "score.sum": 0.0015677870465313165,
    "sha.latest": "b6bc9d72f65a5086f310f321e969d96e9a559e75",
    "time.latest": 1717830391.7000608,
    "formatted_time": "2024-06-08 02:06:31.700064",
    "filescores": {
        "CMakeLists.txt": 0.033677554588364494,
        "isalnum.cpp": 0.036248193241093594,
        "isalnum.h": 0.02007646631636598,
        "isalpha.cpp": 0.03625499039831663,
        "isalpha.h": 0.02007646631636598,
        "isascii.cpp": 0.024610577691063826,
        "isascii.h": 0.02011524631388567,
        "isblank.cpp": 0.049504846405526284,
        "isblank.h": 0.02007646631636598,
        "iscntrl.cpp": 0.049504846405526284,
        "iscntrl.h": 0.02007646631636598,
        "isdigit.cpp": 0.03615918100474573,
        "isdigit.h": 0.02007646631636598,
        "isgraph.cpp": 0.03596257792174886,
        "isgraph.h": 0.02007646631636598,
        "islower.cpp": 0.0362240251657581,
        "islower.h": 0.02007646631636598,
        "isprint.cpp": 0.029521657401475842,
        "isprint.h": 0.02007646631636598,
        "ispunct.cpp": 0.03596257792174886,
        "ispunct.h": 0.02007646631636598,
        "isspace.cpp": 0.03593103310070216,
        "isspace.h": 0.02007646631636598,
        "isupper.cpp": 0.0362240251657581,
        "isupper.h": 0.02007646631636598,
        "isxdigit.cpp": 0.03593103310070216,
        "isxdigit.h": 0.02007646631636598,
        "toascii.cpp": 0.02007646631636598,
        "toascii.h": 0.02007646631636598,
        "tolower.cpp": 0.05143709125855339,
        "tolower.h": 0.02007646631636598,
        "toupper.cpp": 0.03588503749725611,
        "toupper.h": 0.02007646631636598
    },
    "subdirscores": {}
}