{
    "directory name": "llvm-project/clang/lib/Analysis",
    "score.sum": 0.006002003349027868,
    "sha.latest": "2d539db246fd9d26201255b84d04dacf2782eddf",
    "time.latest": 1717804500.6920469,
    "formatted_time": "2024-06-08 05:25:00.692049",
    "filescores": {
        "AnalysisDeclContext.cpp": 3.32550072196323,
        "BodyFarm.cpp": 5.689931172877287,
        "CalledOnceCheck.cpp": 0.7652519221635935,
        "CallGraph.cpp": 1.5523604160804816,
        "CFG.cpp": 18.064390877494667,
        "CFGReachabilityAnalysis.cpp": 0.46037468776936824,
        "CFGStmtMap.cpp": 0.4963880053947668,
        "CloneDetection.cpp": 0.9777168792379304,
        "CMakeLists.txt": 4.7472493232640085,
        "CocoaConventions.cpp": 0.5115199369341183,
        "CodeInjector.cpp": 0.15738718627187598,
        "ConstructionContext.cpp": 0.17992614043546035,
        "Consumed.cpp": 1.8072276813066521,
        "Dominators.cpp": 0.4884532951365573,
        "ExprMutationAnalyzer.cpp": 1.254902752287006,
        "IntervalPartition.cpp": 0.18167509295316292,
        "IssueHash.cpp": 0.20760432198350998,
        "LiveVariables.cpp": 3.6119549092318057,
        "MacroExpansionContext.cpp": 0.41445510007390113,
        "ObjCNoReturn.cpp": 0.23798686213402517,
        "PathDiagnostic.cpp": 2.5991645102322507,
        "PostOrderCFGView.cpp": 0.4461902236774496,
        "ProgramPoint.cpp": 1.6230590280342891,
        "ReachableCode.cpp": 3.6181163147634,
        "RetainSummaryManager.cpp": 2.188830837339887,
        "ThreadSafety.cpp": 8.962086406240807,
        "ThreadSafetyCommon.cpp": 1.983106050562292,
        "ThreadSafetyLogical.cpp": 0.15117971537159888,
        "ThreadSafetyTIL.cpp": 0.46399692463509995,
        "UninitializedValues.cpp": 5.453390241731084,
        "UnsafeBufferUsage.cpp": 4.837247873529108
    },
    "subdirscores": {
        "FlowSensitive": 22.16099997204082,
        "plugins": 0.38037461684852625
    }
}