{
    "directory_name": "llvm-project/lldb",
    "score.sum": 0.08596020517295609,
    "sha.latest": "624ea68cbc3ce422b3ee110c0c0af839eec2e278",
    "time.latest": 1718000888.0316148,
    "formatted_time": "2024-06-10 11:58:08.031629",
    "filescores": {
        ".clang-format": 3.2173677317751234e-05,
        ".clang-tidy": 1.707401692536929e-05,
        "CMakeLists.txt": 0.0006225932447212573,
        "CodeOwners.rst": 6.099602068851199e-06,
        "LICENSE.TXT": 1.2195936323641722e-05,
        "use_lldb_suite_root.py": 1.2490721643800873e-05
    },
    "subdirscores": {
        "bindings": 0.0007408210735509025,
        "cmake": 0.001147689073522422,
        "docs": 0.001992763351481593,
        "examples": 0.0014953972189977465,
        "include": 0.017866736438103978,
        "packages": 0.0058621449923321745,
        "resources": 0.00011870482379808981,
        "scripts": 0.0020586449205917583,
        "source": 0.050784511884863465,
        "test": 0.02234602056906429,
        "third_party": 6.97838853582072e-05,
        "tools": 0.006527737289547148,
        "unittests": 0.005304215261912206,
        "utils": 0.00044867210851876554
    }
}