{
    "directory name": "llvm-project/libclc/generic/include/clc/geometric",
    "score.sum": 0.002245170871320625,
    "sha.latest": "70a270da5f4a27b670cba1cb8148fcce5c094f4f",
    "time.latest": 1717825386.4316459,
    "formatted_time": "2024-06-08 00:43:06.431650",
    "filescores": {
        "cross.h": 0.02007646631636598,
        "distance.h": 0.02007646631636598,
        "distance.inc": 0.0,
        "dot.h": 0.02007646631636598,
        "dot.inc": 0.02007646631636598,
        "fast_distance.h": 0.02007646631636598,
        "fast_distance.inc": 0.0,
        "fast_length.h": 0.02007646631636598,
        "fast_length.inc": 0.0,
        "fast_normalize.h": 0.0,
        "fast_normalize.inc": 0.0,
        "floatn.inc": 0.08842100814164648,
        "length.h": 0.02007646631636598,
        "length.inc": 0.03971369561522763,
        "normalize.h": 0.02007646631636598,
        "normalize.inc": 0.02007646631636598
    },
    "subdirscores": {}
}