{
    "directory name": "llvm-project/llvm/tools/llvm-pdbutil",
    "score.sum": 0.00046167935712708674,
    "sha.latest": "099be86433a69f264aeb70e512ba1bbd0c7aefd7",
    "time.latest": 1718082379.214637,
    "formatted_time": "2024-06-11 00:06:19.214641",
    "filescores": {
        "BytesOutputStyle.cpp": 2.54252466132402e-05,
        "BytesOutputStyle.h": 8.493064965483246e-06,
        "CMakeLists.txt": 1.3117540135903886e-05,
        "DumpOutputStyle.cpp": 0.00013764388106588064,
        "DumpOutputStyle.h": 3.438947884156978e-05,
        "ExplainOutputStyle.cpp": 2.7278370671604683e-05,
        "ExplainOutputStyle.h": 1.6327725227051957e-05,
        "MinimalSymbolDumper.cpp": 9.456750905449482e-05,
        "MinimalSymbolDumper.h": 1.4364474875980017e-05,
        "MinimalTypeDumper.cpp": 3.760347387591447e-05,
        "MinimalTypeDumper.h": 1.630070599329051e-05,
        "OutputStyle.h": 1.367940244561924e-05,
        "PdbYaml.cpp": 2.4126275223394072e-05,
        "PdbYaml.h": 1.961295444657447e-05,
        "PrettyBuiltinDumper.cpp": 1.80376712218223e-05,
        "PrettyBuiltinDumper.h": 6.099602068851199e-06,
        "PrettyClassDefinitionDumper.cpp": 2.0518478026241287e-05,
        "PrettyClassDefinitionDumper.h": 1.3712326001416212e-05,
        "PrettyClassLayoutGraphicalDumper.cpp": 2.024140181329931e-05,
        "PrettyClassLayoutGraphicalDumper.h": 7.62969389326629e-06,
        "PrettyCompilandDumper.cpp": 1.5502850356283383e-05,
        "PrettyCompilandDumper.h": 1.1168259914726805e-05,
        "PrettyEnumDumper.cpp": 1.5953408881575104e-05,
        "PrettyEnumDumper.h": 6.099602068851199e-06,
        "PrettyExternalSymbolDumper.cpp": 1.64558140799016e-05,
        "PrettyExternalSymbolDumper.h": 6.099602068851199e-06,
        "PrettyFunctionDumper.cpp": 2.7900730389498662e-05,
        "PrettyFunctionDumper.h": 6.099602068851199e-06,
        "PrettyTypeDumper.cpp": 3.046204924865064e-05,
        "PrettyTypeDumper.h": 2.58222474698828e-05,
        "PrettyTypedefDumper.cpp": 1.7406171100171102e-05,
        "PrettyTypedefDumper.h": 6.099602068851199e-06,
        "PrettyVariableDumper.cpp": 1.508439190048448e-05,
        "PrettyVariableDumper.h": 6.099602068851199e-06,
        "StreamUtil.cpp": 2.0424039058320458e-05,
        "StreamUtil.h": 1.5452078153609988e-05,
        "TypeReferenceTracker.cpp": 1.5164599648724289e-05,
        "TypeReferenceTracker.h": 1.1051032323007748e-05,
        "YAMLOutputStyle.cpp": 1.998144045130503e-05,
        "YAMLOutputStyle.h": 1.007893858618408e-05,
        "llvm-pdbutil.cpp": 0.0001741840254252635,
        "llvm-pdbutil.h": 5.061367867692516e-05
    },
    "subdirscores": {}
}