{
    "directory name": "llvm-project/llvm/tools/llvm-pdbutil",
    "score.sum": 0.02400955397233296,
    "sha.latest": "099be86433a69f264aeb70e512ba1bbd0c7aefd7",
    "time.latest": 1718082379.214637,
    "formatted_time": "2024-06-11 00:06:19.214641",
    "filescores": {
        "BytesOutputStyle.cpp": 0.08368564071133795,
        "BytesOutputStyle.h": 0.027954402726200533,
        "CMakeLists.txt": 0.0431755792786747,
        "DumpOutputStyle.cpp": 0.4530463972371066,
        "DumpOutputStyle.h": 0.1131908616015979,
        "ExplainOutputStyle.cpp": 0.08978508495669164,
        "ExplainOutputStyle.h": 0.05374170672834174,
        "MinimalSymbolDumper.cpp": 0.3112631592560233,
        "MinimalSymbolDumper.h": 0.047279788541060234,
        "MinimalTypeDumper.cpp": 0.1237695292457548,
        "MinimalTypeDumper.h": 0.05365277457664027,
        "OutputStyle.h": 0.04502491463008074,
        "PdbYaml.cpp": 0.07941015600597576,
        "PdbYaml.h": 0.06455483732650012,
        "PrettyBuiltinDumper.cpp": 0.05936988915390075,
        "PrettyBuiltinDumper.h": 0.02007646631636598,
        "PrettyClassDefinitionDumper.cpp": 0.0675353126822113,
        "PrettyClassDefinitionDumper.h": 0.04513328049583915,
        "PrettyClassLayoutGraphicalDumper.cpp": 0.06662333331152367,
        "PrettyClassLayoutGraphicalDumper.h": 0.0251126697648972,
        "PrettyCompilandDumper.cpp": 0.05102668165436654,
        "PrettyCompilandDumper.h": 0.03675964291760144,
        "PrettyEnumDumper.cpp": 0.052509667422038823,
        "PrettyEnumDumper.h": 0.02007646631636598,
        "PrettyExternalSymbolDumper.cpp": 0.054163303335908984,
        "PrettyExternalSymbolDumper.h": 0.02007646631636598,
        "PrettyFunctionDumper.cpp": 0.09183354381874897,
        "PrettyFunctionDumper.h": 0.02007646631636598,
        "PrettyTypeDumper.cpp": 0.10026396783998723,
        "PrettyTypeDumper.h": 0.08499234469562832,
        "PrettyTypedefDumper.cpp": 0.05729134521316478,
        "PrettyTypedefDumper.h": 0.02007646631636598,
        "PrettyVariableDumper.cpp": 0.04964935129776059,
        "PrettyVariableDumper.h": 0.02007646631636598,
        "StreamUtil.cpp": 0.06722447260821743,
        "StreamUtil.h": 0.050859568061500285,
        "TypeReferenceTracker.cpp": 0.049913350184519346,
        "TypeReferenceTracker.h": 0.036373795485272205,
        "YAMLOutputStyle.cpp": 0.0657676864236247,
        "YAMLOutputStyle.h": 0.0331742085378951,
        "llvm-pdbutil.cpp": 0.5733160425591443,
        "llvm-pdbutil.h": 0.1665918208490673
    },
    "subdirscores": {}
}