{
    "directory name": "llvm-project/llvm/lib/ExecutionEngine/Orc/TargetProcess",
    "score.sum": 0.01275527589510389,
    "sha.latest": "ba13fa2a5d57581bff1a7e9322234af30f4882f6",
    "time.latest": 1717837553.6962118,
    "formatted_time": "2024-06-08 04:05:53.696216",
    "filescores": {
        "CMakeLists.txt": 0.20732537623368136,
        "ExecutorSharedMemoryMapperService.cpp": 0.07567710102628689,
        "JITLoaderGDB.cpp": 0.11655796940443881,
        "JITLoaderPerf.cpp": 0.04221885266014427,
        "JITLoaderVTune.cpp": 0.022496805572712275,
        "OrcRTBootstrap.cpp": 0.0410094958646201,
        "OrcRTBootstrap.h": 0.021841121707013175,
        "RegisterEHFrames.cpp": 0.20811477327255523,
        "SimpleExecutorDylibManager.cpp": 0.030506116393637487,
        "SimpleExecutorMemoryManager.cpp": 0.09800612893934929,
        "SimpleRemoteEPCServer.cpp": 0.0764195609471716,
        "TargetExecutionUtils.cpp": 0.03685176309140716
    },
    "subdirscores": {}
}