{
    "directory name": "llvm-project/llvm/lib/DebugInfo/CodeView",
    "score.sum": 0.0006963761620315028,
    "sha.latest": "32eb95cc40d93bc5fb67e0b52531f7620204ec8c",
    "time.latest": 1717833734.1117992,
    "formatted_time": "2024-06-08 03:02:14.111803",
    "filescores": {
        "AppendingTypeTableBuilder.cpp": 2.3409294302371233e-05,
        "CMakeLists.txt": 9.171192718838997e-05,
        "CVSymbolVisitor.cpp": 4.735627875916692e-05,
        "CVTypeVisitor.cpp": 4.891598413660965e-05,
        "CodeViewError.cpp": 3.483310382016326e-05,
        "CodeViewRecordIO.cpp": 8.975378170412472e-05,
        "ContinuationRecordBuilder.cpp": 3.43604747521997e-05,
        "DebugChecksumsSubsection.cpp": 1.238604247484108e-05,
        "DebugCrossExSubsection.cpp": 8.29705967406907e-06,
        "DebugCrossImpSubsection.cpp": 1.4583031944577621e-05,
        "DebugFrameDataSubsection.cpp": 2.2654851881437686e-05,
        "DebugInlineeLinesSubsection.cpp": 1.3210523888278591e-05,
        "DebugLinesSubsection.cpp": 8.029881175050814e-06,
        "DebugStringTableSubsection.cpp": 3.238959455517511e-05,
        "DebugSubsection.cpp": 8.230643325153436e-06,
        "DebugSubsectionRecord.cpp": 1.2476679351145007e-05,
        "DebugSubsectionVisitor.cpp": 8.510293815176527e-06,
        "DebugSymbolRVASubsection.cpp": 7.920301512148636e-06,
        "DebugSymbolsSubsection.cpp": 1.0974484359444222e-05,
        "EnumTables.cpp": 8.751260803291915e-05,
        "Formatters.cpp": 2.2956349467106937e-05,
        "GlobalTypeTableBuilder.cpp": 3.5175885617566134e-05,
        "LazyRandomTypeCollection.cpp": 5.2332087709730124e-05,
        "Line.cpp": 6.099602068851199e-06,
        "MergingTypeTableBuilder.cpp": 3.786531153726659e-05,
        "RecordName.cpp": 2.794806194344298e-05,
        "RecordSerialization.cpp": 2.299108363755645e-05,
        "SimpleTypeSerializer.cpp": 2.2401906526941422e-05,
        "StringsAndChecksums.cpp": 8.548635616856134e-06,
        "SymbolDumper.cpp": 7.835648333981664e-05,
        "SymbolRecordHelpers.cpp": 8.083532469467939e-06,
        "SymbolRecordMapping.cpp": 4.136622857153446e-05,
        "SymbolSerializer.cpp": 2.5153398066391452e-05,
        "TypeDumpVisitor.cpp": 5.435764043538434e-05,
        "TypeHashing.cpp": 2.216762122918203e-05,
        "TypeIndex.cpp": 1.0379564111497094e-05,
        "TypeIndexDiscovery.cpp": 3.471156919713045e-05,
        "TypeRecordHelpers.cpp": 1.1894175885167963e-05,
        "TypeRecordMapping.cpp": 9.074234394011533e-05,
        "TypeStreamMerger.cpp": 0.00010107834492992823,
        "TypeTableCollection.cpp": 2.6354336795790413e-05
    },
    "subdirscores": {}
}