{
    "directory name": "llvm-project/clang-tools-extra/docs/clang-tidy/checks/hicpp",
    "score.sum": 0.001379289211774663,
    "sha.latest": "3ed940ac3dac03d044a8d1e51005cec84dd128f9",
    "time.latest": 1717810595.1491435,
    "formatted_time": "2024-06-08 07:06:35.149145",
    "filescores": {
        "avoid-c-arrays.rst": 0.03674131325697443,
        "avoid-goto.rst": 0.06980142255829846,
        "braces-around-statements.rst": 0.039740222957505955,
        "deprecated-headers.rst": 0.039740222957505955,
        "exception-baseclass.rst": 0.02007646631636598,
        "explicit-conversions.rst": 0.039740222957505955,
        "function-size.rst": 0.039740222957505955,
        "ignored-remove-result.rst": 0.0,
        "invalid-access-moved.rst": 0.039740222957505955,
        "member-init.rst": 0.039740222957505955,
        "move-const-arg.rst": 0.039740222957505955,
        "multiway-paths-covered.rst": 0.02007646631636598,
        "named-parameter.rst": 0.039740222957505955,
        "new-delete-operators.rst": 0.039740222957505955,
        "no-array-decay.rst": 0.039740222957505955,
        "no-assembler.rst": 0.03709108078583818,
        "no-malloc.rst": 0.039740222957505955,
        "noexcept-move.rst": 0.039740222957505955,
        "signed-bitwise.rst": 0.02007646631636598,
        "special-member-functions.rst": 0.039740222957505955,
        "static-assert.rst": 0.039740222957505955,
        "undelegated-constructor.rst": 0.039740222957505955,
        "uppercase-literal-suffix.rst": 0.039740222957505955,
        "use-auto.rst": 0.039740222957505955,
        "use-emplace.rst": 0.039740222957505955,
        "use-equals-default.rst": 0.039740222957505955,
        "use-equals-delete.rst": 0.039740222957505955,
        "use-noexcept.rst": 0.039740222957505955,
        "use-nullptr.rst": 0.039740222957505955,
        "use-override.rst": 0.039740222957505955,
        "vararg.rst": 0.039740222957505955
    },
    "subdirscores": {}
}