{
    "directory name": "llvm-project/clang-tools-extra/docs/clang-tidy/checks/hicpp",
    "score.sum": 0.00035170898544101444,
    "sha.latest": "3ed940ac3dac03d044a8d1e51005cec84dd128f9",
    "time.latest": 1717810595.1491435,
    "formatted_time": "2024-06-08 07:06:35.149145",
    "filescores": {
        "avoid-c-arrays.rst": 3.1738430027772755,
        "avoid-goto.rst": 6.029690746791741,
        "braces-around-statements.rst": 3.4328993000419383,
        "deprecated-headers.rst": 3.4328993000419383,
        "exception-baseclass.rst": 1.7342753018387618,
        "explicit-conversions.rst": 3.4328993000419383,
        "function-size.rst": 3.4328993000419383,
        "ignored-remove-result.rst": 0.0,
        "invalid-access-moved.rst": 3.4328993000419383,
        "member-init.rst": 3.4328993000419383,
        "move-const-arg.rst": 3.4328993000419383,
        "multiway-paths-covered.rst": 1.7342753018387618,
        "named-parameter.rst": 3.4328993000419383,
        "new-delete-operators.rst": 3.4328993000419383,
        "no-array-decay.rst": 3.4328993000419383,
        "no-assembler.rst": 3.2040571439082317,
        "no-malloc.rst": 3.4328993000419383,
        "noexcept-move.rst": 3.4328993000419383,
        "signed-bitwise.rst": 1.7342753018387618,
        "special-member-functions.rst": 3.4328993000419383,
        "static-assert.rst": 3.4328993000419383,
        "undelegated-constructor.rst": 3.4328993000419383,
        "uppercase-literal-suffix.rst": 3.4328993000419383,
        "use-auto.rst": 3.4328993000419383,
        "use-emplace.rst": 3.4328993000419383,
        "use-equals-default.rst": 3.4328993000419383,
        "use-equals-delete.rst": 3.4328993000419383,
        "use-noexcept.rst": 3.4328993000419383,
        "use-nullptr.rst": 3.4328993000419383,
        "use-override.rst": 3.4328993000419383,
        "vararg.rst": 3.4328993000419383
    },
    "subdirscores": {},
    "score.percentage": 1.2289242415726864
}