{
    "directory name": "llvm-project/lldb/source/Plugins/Platform/MacOSX",
    "score.sum": 0.0015250074741470865,
    "sha.latest": "1b26c25f7e56fe3d5e06c285566ef43812d7baee",
    "time.latest": 1717873555.0586703,
    "formatted_time": "2024-06-09 00:35:55.058673",
    "filescores": {
        "CMakeLists.txt": 6.859570435018644e-05,
        "PlatformAppleSimulator.cpp": 0.00016601389695014213,
        "PlatformAppleSimulator.h": 0.00011423340953733649,
        "PlatformDarwin.cpp": 0.0007856538286199787,
        "PlatformDarwin.h": 0.0003004255581386835,
        "PlatformDarwinDevice.cpp": 2.1737731727475566e-05,
        "PlatformDarwinDevice.h": 0,
        "PlatformDarwinKernel.cpp": 0.0003269565625037327,
        "PlatformDarwinKernel.h": 0.00014043615326732791,
        "PlatformMacOSX.cpp": 0.0002924142069104252,
        "PlatformMacOSX.h": 0.00013334443468590273,
        "PlatformMacOSXProperties.td": 8.663092723645849e-06,
        "PlatformRemoteAppleBridge.cpp": 4.2483620909828984e-05,
        "PlatformRemoteAppleBridge.h": 5.091417211623454e-05,
        "PlatformRemoteAppleTV.cpp": 8.264378784356528e-05,
        "PlatformRemoteAppleTV.h": 7.551168990499491e-05,
        "PlatformRemoteAppleWatch.cpp": 8.599078735825537e-05,
        "PlatformRemoteAppleWatch.h": 7.551168990499491e-05,
        "PlatformRemoteAppleXR.cpp": 0,
        "PlatformRemoteAppleXR.h": 6.099602068851199e-06,
        "PlatformRemoteDarwinDevice.cpp": 0.00010457419431741163,
        "PlatformRemoteDarwinDevice.h": 5.240170966729389e-05,
        "PlatformRemoteiOS.cpp": 0.00020040623101541478,
        "PlatformRemoteiOS.h": 0.00013114242217794375,
        "PlatformRemoteMacOSX.cpp": 4.070022498477852e-05,
        "PlatformRemoteMacOSX.h": 3.405043741929825e-05
    },
    "subdirscores": {
        "objcxx": 7.51841810744754e-05
    }
}