{
    "directory name": "llvm-project/cross-project-tests/debuginfo-tests/dexter-tests",
    "score.sum": 0.004399115506770552,
    "sha.latest": "a8837b49c1c1650357d7d8f2957c903b3a5ab039",
    "time.latest": 1717792840.0324416,
    "formatted_time": "2024-06-08 02:10:40.032445",
    "filescores": {
        "aggregate-indirect-arg.cpp": 0.13854460782136244,
        "asan-deque.cpp": 0.10522739687420321,
        "asan.c": 0.10522739687420321,
        "ctor.cpp": 0.13854460782136244,
        "dbg-arg.c": 0.14590255458671542,
        "deferred_globals.cpp": 0.13854460782136244,
        "global-constant.cpp": 0.11920884677562621,
        "hello.c": 0.11920884677562621,
        "inline-line-gap.cpp": 0.11920884677562621,
        "lit.local.cfg": 0.02007646631636598,
        "namespace.cpp": 0.13854460782136244,
        "nrvo-string.cpp": 0.10522739687420321,
        "nrvo.cpp": 0.11920884677562621,
        "optnone-fastmath.cpp": 0.11960224405710357,
        "optnone-loops.cpp": 0.09953147435827442,
        "optnone-simple-functions.cpp": 0.1439601043039476,
        "optnone-struct-and-methods.cpp": 0.11960224405710357,
        "optnone-vectors-and-functions.cpp": 0.139278490253172,
        "realigned-frame.cpp": 0.11920884677562621,
        "stack-var.c": 0.13854460782136244,
        "vla.c": 0.13854460782136244
    },
    "subdirscores": {
        "memvars": 0.003042329457706939
    }
}