{
    "directory name": "llvm-project/llvm/lib/Target/SPIRV",
    "score.sum": 0.001661375596224144,
    "sha.latest": "fb1be9b33ca3ed1b7ea54b15bd77fd868726b57c",
    "time.latest": 1717866429.807001,
    "formatted_time": "2024-06-08 12:07:09.807001",
    "filescores": {
        "CMakeLists.txt": 2.044805468424595,
        "SPIRV.h": 1.4850762610300323,
        "SPIRV.td": 0.36714166758642297,
        "SPIRVAsmPrinter.cpp": 1.488844056333583,
        "SPIRVBuiltins.cpp": 5.329173191577217,
        "SPIRVBuiltins.h": 0.9136830549297447,
        "SPIRVBuiltins.td": 2.5613541951977576,
        "SPIRVCallLowering.cpp": 4.261698767782953,
        "SPIRVCallLowering.h": 0.4186473518504757,
        "SPIRVDuplicatesTracker.cpp": 0.4264799820955445,
        "SPIRVDuplicatesTracker.h": 0.5255954446679014,
        "SPIRVEmitIntrinsics.cpp": 6.024587388482036,
        "SPIRVFrameLowering.h": 0.0,
        "SPIRVGlobalRegistry.cpp": 6.912655231930792,
        "SPIRVGlobalRegistry.h": 2.4896878437529817,
        "SPIRVISelLowering.cpp": 0.8345657701945244,
        "SPIRVISelLowering.h": 0.8055697146903235,
        "SPIRVInstrFormats.td": 0.36714166758642297,
        "SPIRVInstrInfo.cpp": 0.48222432690265205,
        "SPIRVInstrInfo.h": 0.8476925319638781,
        "SPIRVInstrInfo.td": 3.897034573608671,
        "SPIRVInstructionSelector.cpp": 7.83706245663952,
        "SPIRVLegalizerInfo.cpp": 2.964498131521513,
        "SPIRVLegalizerInfo.h": 0.36714166758642297,
        "SPIRVMCInstLower.cpp": 0.513358658059229,
        "SPIRVMCInstLower.h": 0.36714166758642297,
        "SPIRVMetadata.cpp": 0.36714166758642297,
        "SPIRVMetadata.h": 0.36714166758642297,
        "SPIRVModuleAnalysis.cpp": 8.179164344241345,
        "SPIRVModuleAnalysis.h": 2.8543709610531787,
        "SPIRVPostLegalizer.cpp": 0.0,
        "SPIRVPreLegalizer.cpp": 3.584231417610507,
        "SPIRVPrepareFunctions.cpp": 1.0771246495442561,
        "SPIRVRegisterBankInfo.cpp": 0.0,
        "SPIRVRegisterBankInfo.h": 0.0,
        "SPIRVRegisterBanks.td": 0.0,
        "SPIRVRegisterInfo.cpp": 0.0,
        "SPIRVRegisterInfo.h": 0.36714166758642297,
        "SPIRVRegisterInfo.td": 0.0,
        "SPIRVRegularizer.cpp": 0.5586137862483782,
        "SPIRVStripConvergentIntrinsics.cpp": 0.0,
        "SPIRVSubtarget.cpp": 5.867964737509141,
        "SPIRVSubtarget.h": 1.2538505953082586,
        "SPIRVSymbolicOperands.td": 4.49358266896488,
        "SPIRVTargetMachine.cpp": 2.9025485340013013,
        "SPIRVTargetMachine.h": 0.6932576710334014,
        "SPIRVTargetObjectFile.h": 0.0,
        "SPIRVTargetTransformInfo.h": 0.0,
        "SPIRVUtils.cpp": 5.175863742756711,
        "SPIRVUtils.h": 2.320168799957203
    },
    "subdirscores": {
        "Analysis": 0.36714166758642297,
        "MCTargetDesc": 4.670688681857704,
        "TargetInfo": 0.36714166758642297
    }
}