{
    "directory name": "llvm-project/bolt",
    "score.sum": 0.0028446590174336112,
    "sha.latest": "a9b0d7590b9e08151243b97aa75366e988e0d6c8",
    "time.latest": 1717797168.275719,
    "formatted_time": "2024-06-08 03:22:48.275722",
    "filescores": {
        "CMakeLists.txt": 0.00019369441504270046,
        "CODE_OWNERS.TXT": 6.346886515884189e-06,
        "LICENSE.TXT": 6.099602068851199e-06,
        "README.md": 9.566637941976944e-06
    },
    "subdirscores": {
        "cmake": 7.515477655158214e-06,
        "docs": 8.375290544863104e-05,
        "include": 0.0010616794624787578,
        "lib": 0.002384281816907501,
        "runtime": 0.00033387702130805867,
        "test": 0.0021791840764757296,
        "tools": 0.00014590792711700713,
        "unittests": 5.811499484135943e-05,
        "utils": 6.276486793296829e-05
    }
}