{
    "directory name": "llvm-project/llvm/lib/DebugInfo/PDB/DIA",
    "score.sum": 0.009459327132771547,
    "sha.latest": "1ea9dd32709f9b5def5e1c9e83b0a5cdbb134fb2",
    "time.latest": 1717834773.2252836,
    "formatted_time": "2024-06-08 03:19:33.225287",
    "filescores": {
        "DIADataStream.cpp": 0.09497912591732956,
        "DIAEnumDebugStreams.cpp": 0.05647747200224617,
        "DIAEnumFrameData.cpp": 0.020707558017894093,
        "DIAEnumInjectedSources.cpp": 0.0460219027129599,
        "DIAEnumLineNumbers.cpp": 0.05644266567974691,
        "DIAEnumSectionContribs.cpp": 0.031649967598649076,
        "DIAEnumSourceFiles.cpp": 0.05644266567974691,
        "DIAEnumSymbols.cpp": 0.05644266567974691,
        "DIAEnumTables.cpp": 0.048913130714165205,
        "DIAError.cpp": 0.07088159940016664,
        "DIAFrameData.cpp": 0.020707558017894093,
        "DIAInjectedSource.cpp": 0.03421918795202078,
        "DIALineNumber.cpp": 0.02634258666662008,
        "DIARawSymbol.cpp": 0.3194728641060542,
        "DIASectionContrib.cpp": 0.03932799627064837,
        "DIASession.cpp": 0.376899825010705,
        "DIASourceFile.cpp": 0.05608140399470121,
        "DIATable.cpp": 0.0348692400578018
    },
    "subdirscores": {}
}