{
    "directory name": "llvm-project/llvm/lib/DebugInfo/PDB/DIA",
    "score.sum": 0.00043958874719104393,
    "sha.latest": "1ea9dd32709f9b5def5e1c9e83b0a5cdbb134fb2",
    "time.latest": 1717834773.2252836,
    "formatted_time": "2024-06-08 03:19:33.225287",
    "filescores": {
        "DIADataStream.cpp": 6.564411995997584,
        "DIAEnumDebugStreams.cpp": 3.9033986798094786,
        "DIAEnumFrameData.cpp": 1.4311875472385043,
        "DIAEnumInjectedSources.cpp": 3.180769746297132,
        "DIAEnumLineNumbers.cpp": 3.9009930665892685,
        "DIAEnumSectionContribs.cpp": 2.187464087196859,
        "DIAEnumSourceFiles.cpp": 3.9009930665892685,
        "DIAEnumSymbols.cpp": 3.9009930665892685,
        "DIAEnumTables.cpp": 3.3805948298717676,
        "DIAError.cpp": 4.898929284766694,
        "DIAFrameData.cpp": 1.4311875472385043,
        "DIAInjectedSource.cpp": 2.365033850501631,
        "DIALineNumber.cpp": 1.8206483819453199,
        "DIARawSymbol.cpp": 22.080130568466824,
        "DIASectionContrib.cpp": 2.718125356536772,
        "DIASession.cpp": 26.049152471071977,
        "DIASourceFile.cpp": 3.8760247325884656,
        "DIATable.cpp": 2.409961720704676
    },
    "subdirscores": {}
}