{
    "directory name": "llvm-project/cross-project-tests/debuginfo-tests/dexter/dex/command/commands",
    "score.sum": 0.0028474492915210713,
    "sha.latest": "45a40c163932d12b72b33bd1d8a84519392b5d39",
    "time.latest": 1717788329.4320168,
    "formatted_time": "2024-06-08 00:55:29.432023",
    "filescores": {
        "DexCommandLine.py": 0.02007646631636598,
        "DexDeclareAddress.py": 0.12794236801953987,
        "DexDeclareFile.py": 0.11699344962783921,
        "DexExpectProgramState.py": 0.027125715080555057,
        "DexExpectStepKind.py": 0.02007646631636598,
        "DexExpectStepOrder.py": 0.0365252281718311,
        "DexExpectWatchBase.py": 0.05168798641684264,
        "DexExpectWatchType.py": 0.02007646631636598,
        "DexExpectWatchValue.py": 0.02007646631636598,
        "DexFinishTest.py": 0.02007646631636598,
        "DexLabel.py": 0.11699344962783921,
        "DexLimitSteps.py": 0.02007646631636598,
        "DexUnreachable.py": 0.025737640558019408,
        "DexWatch.py": 0.02007646631636598
    },
    "subdirscores": {}
}