{
    "directory name": "llvm-project/cross-project-tests/debuginfo-tests/dexter/dex/command/commands",
    "score.sum": 0.0001955196982162192,
    "sha.latest": "45a40c163932d12b72b33bd1d8a84519392b5d39",
    "time.latest": 1717788329.4320168,
    "formatted_time": "2024-06-08 00:55:29.432023",
    "filescores": {
        "DexCommandLine.py": 3.11968672440658,
        "DexDeclareAddress.py": 19.880994031022663,
        "DexDeclareFile.py": 18.179639080656955,
        "DexExpectProgramState.py": 4.2150711132794925,
        "DexExpectStepKind.py": 3.11968672440658,
        "DexExpectStepOrder.py": 5.675663617192179,
        "DexExpectWatchBase.py": 8.031808112789411,
        "DexExpectWatchType.py": 3.11968672440658,
        "DexExpectWatchValue.py": 3.11968672440658,
        "DexFinishTest.py": 3.11968672440658,
        "DexLabel.py": 18.179639080656955,
        "DexLimitSteps.py": 3.11968672440658,
        "DexUnreachable.py": 3.9993778935562863,
        "DexWatch.py": 3.11968672440658
    },
    "subdirscores": {},
    "score.percentage": 63.25821101764746
}