{
    "directory name": "llvm-project/clang/unittests/Format",
    "score.sum": 0.3691867775343108,
    "sha.latest": "0baef3b18cdbbdcf9f07c10607407ad0fb541449",
    "time.latest": 1718082323.0878246,
    "formatted_time": "2024-06-11 10:35:23.087828",
    "filescores": {
        ".clang-format": 0.055107268862038664,
        "BracesInserterTest.cpp": 0.02007646631636598,
        "BracesRemoverTest.cpp": 0.04407511605392722,
        "CleanupTest.cpp": 0.1559431616344343,
        "CMakeLists.txt": 0.46598880371311785,
        "ConfigParseTest.cpp": 0.46400812666241786,
        "DefinitionBlockSeparatorTest.cpp": 0.06267477754864016,
        "FormatReplacementTest.cpp": 0.0,
        "FormatTest.cpp": 13.176709967873727,
        "FormatTestBase.h": 0.07184770707244713,
        "FormatTestComments.cpp": 0.608433587041942,
        "FormatTestCSharp.cpp": 0.5554975968155079,
        "FormatTestJava.cpp": 0.3429458009518948,
        "FormatTestJS.cpp": 2.0704649345442236,
        "FormatTestJson.cpp": 0.06633879043555055,
        "FormatTestMacroExpansion.cpp": 0.0937041734254545,
        "FormatTestObjC.cpp": 0.5065004595032004,
        "FormatTestProto.cpp": 0.3829875645562911,
        "FormatTestRawStrings.cpp": 0.07777647730880756,
        "FormatTestSelective.cpp": 0.19935119794665174,
        "FormatTestTableGen.cpp": 0.08072819374483944,
        "FormatTestTextProto.cpp": 0.15445729304388633,
        "FormatTestUtils.h": 0.07779103652774809,
        "FormatTestVerilog.cpp": 0.35273349907316665,
        "FormatTokenSourceTest.cpp": 0.02029861915331713,
        "IntegerLiteralSeparatorTest.cpp": 0.05739588482681314,
        "MacroCallReconstructorTest.cpp": 0.034878073142830944,
        "MacroExpanderTest.cpp": 0.034938668450609736,
        "MatchFilePathTest.cpp": 0.0,
        "NamespaceEndCommentsFixerTest.cpp": 0.2636186830536895,
        "ObjCPropertyAttributeOrderFixerTest.cpp": 0.02007646631636598,
        "QualifierFixerTest.cpp": 0.2661004598345398,
        "SortImportsTestJava.cpp": 0.044410667248840185,
        "SortImportsTestJS.cpp": 0.2368789187976872,
        "SortIncludesTest.cpp": 0.42672860512628397,
        "TestLexer.h": 0.04955672102387101,
        "TokenAnnotatorTest.cpp": 2.120175405358951,
        "UsingDeclarationsSorterTest.cpp": 0.06143428094847897
    },
    "subdirscores": {}
}