{
    "directory name": "llvm-project/compiler-rt/lib/ubsan",
    "score.sum": 0.0008755534395435713,
    "sha.latest": "2d5fb27db71b57f299793160181ef28fea5573e7",
    "time.latest": 1717808546.2600434,
    "formatted_time": "2024-06-08 06:32:26.260045",
    "filescores": {
        "CMakeLists.txt": 32.73361010669029,
        "ubsan.syms.extra": 0.0,
        "ubsan_checks.inc": 6.3398449128104035,
        "ubsan_diag.cpp": 6.6411645307831835,
        "ubsan_diag.h": 5.963141388128957,
        "ubsan_diag_standalone.cpp": 0.6966567422807385,
        "ubsan_flags.cpp": 0.7655860716486517,
        "ubsan_flags.h": 1.4587902513216513,
        "ubsan_flags.inc": 2.0949558815888953,
        "ubsan_handlers.cpp": 1.564422317906335,
        "ubsan_handlers.h": 9.114152128802147,
        "ubsan_handlers_cxx.cpp": 1.247907567581045,
        "ubsan_handlers_cxx.h": 3.011086896567825,
        "ubsan_init.cpp": 1.5345922337493996,
        "ubsan_init.h": 1.2255355947109576,
        "ubsan_init_standalone.cpp": 0.0,
        "ubsan_init_standalone_preinit.cpp": 0.0,
        "ubsan_interface.inc": 3.491462713387371,
        "ubsan_monitor.cpp": 2.2174303391675334,
        "ubsan_monitor.h": 0.6966567422807385,
        "ubsan_platform.h": 7.097323920868533,
        "ubsan_signals_standalone.cpp": 2.157623131960994,
        "ubsan_signals_standalone.h": 0.6966567422807385,
        "ubsan_type_hash.cpp": 0.6966567422807385,
        "ubsan_type_hash.h": 2.089525792653775,
        "ubsan_type_hash_itanium.cpp": 1.2780493329069014,
        "ubsan_type_hash_win.cpp": 0.6966567422807385,
        "ubsan_value.cpp": 1.9535566319534754,
        "ubsan_value.h": 1.8387146445528753,
        "ubsan_win_dll_thunk.cpp": 0.0,
        "ubsan_win_dynamic_runtime_thunk.cpp": 0.0,
        "ubsan_win_weak_interception.cpp": 0.0,
        "weak_symbols.txt": 0.6982398988550867
    },
    "subdirscores": {}
}