{
    "directory name": "llvm-project/clang/tools/clang-fuzzer",
    "score.sum": 0.013028031589292914,
    "sha.latest": "a87dc23a6271cadd6d3f93561f2d8b1661399e6d",
    "time.latest": 1718082050.2563162,
    "formatted_time": "2024-06-11 10:30:50.256319",
    "filescores": {
        "ClangFuzzer.cpp": 0.12380959855062439,
        "ClangObjectiveCFuzzer.cpp": 0.02007646631636598,
        "CMakeLists.txt": 0.2085353391063183,
        "cxx_loop_proto.proto": 0.027929895099134638,
        "cxx_proto.proto": 0.03045411928539102,
        "Dockerfile": 0.04251672868710177,
        "DummyClangFuzzer.cpp": 0.020120810094598554,
        "ExampleClangLLVMProtoFuzzer.cpp": 0.02007646631636598,
        "ExampleClangLoopProtoFuzzer.cpp": 0.021333083900759775,
        "ExampleClangProtoFuzzer.cpp": 0.04782266379527625,
        "README.txt": 0.029791117834230108
    },
    "subdirscores": {
        "corpus_examples": 0.0,
        "dictionary": 0.00031720873550238375,
        "fuzzer-initialize": 0.0006884780546176063,
        "handle-cxx": 0.0015130262429870732,
        "handle-llvm": 0.004160801312247952,
        "proto-to-cxx": 0.0014327198243181197,
        "proto-to-llvm": 0.0003717336000163267
    }
}