{
    "directory name": "llvm-project/third-party/benchmark",
    "score.sum": 0.0029696628107890657,
    "sha.latest": "cc7544e230f8943e52b779d7f1e4392fd30a0c1a",
    "time.latest": 1717789676.8288023,
    "formatted_time": "2024-06-07 14:47:56.828803",
    "filescores": {
        ".clang-format": 0.0,
        ".clang-tidy": 0.0,
        ".pre-commit-config.yaml": 0.0,
        ".travis.yml": 0.0,
        ".ycm_extra_conf.py": 0.0732677991361582,
        "AUTHORS": 0.06140042962513437,
        "CMakeLists.txt": 0.06140042962513437,
        "CONTRIBUTING.md": 0.0204221806543733,
        "CONTRIBUTORS": 0.06140042962513437,
        "LICENSE": 0.0204221806543733,
        "MODULE.bazel": 0.0,
        "README.md": 0.06140042962513437,
        "WORKSPACE.bzlmod": 0.0,
        "_config.yml": 0.0204221806543733,
        "appveyor.yml": 0.0204221806543733,
        "pyproject.toml": 0.0,
        "setup.py": 0.07466984308533488
    },
    "subdirscores": {
        "bazel": 0.0,
        "bindings": 0.0011903527791594082,
        "cmake": 0.0009701285243018527,
        "docs": 0.0009701285243018527,
        "include": 0.0012175096201996203,
        "src": 0.002187659200660562,
        "test": 0.0012280767671657704,
        "tools": 0.0011903527791594082
    }
}