{
    "directory name": "llvm-project/third-party/benchmark",
    "score.sum": 5.710360213060189e-05,
    "sha.latest": "cc7544e230f8943e52b779d7f1e4392fd30a0c1a",
    "time.latest": 1717789676.8288023,
    "formatted_time": "2024-06-07 14:47:56.828803",
    "filescores": {
        ".clang-format": 0,
        ".clang-tidy": 0,
        ".pre-commit-config.yaml": 0,
        ".travis.yml": 0,
        ".ycm_extra_conf.py": 2.2260113515433548e-05,
        "AUTHORS": 1.8654587000926627e-05,
        "CMakeLists.txt": 1.8654587000926627e-05,
        "CONTRIBUTING.md": 6.2046364836785735e-06,
        "CONTRIBUTORS": 1.8654587000926627e-05,
        "LICENSE": 6.2046364836785735e-06,
        "MODULE.bazel": 0,
        "README.md": 1.8654587000926627e-05,
        "WORKSPACE.bzlmod": 0,
        "_config.yml": 6.2046364836785735e-06,
        "appveyor.yml": 6.2046364836785735e-06,
        "pyproject.toml": 0,
        "setup.py": 2.268608041808747e-05
    },
    "subdirscores": {
        "bazel": 0,
        "bindings": 2.2889275930324868e-05,
        "cmake": 1.8654587000926627e-05,
        "docs": 1.8654587000926627e-05,
        "include": 2.34114744237869e-05,
        "src": 4.206646631328426e-05,
        "test": 2.3614669936024297e-05,
        "tools": 2.2889275930324868e-05
    }
}