{
    "directory name": "llvm-project/third-party/benchmark",
    "score.sum": 0.00031656342440754026,
    "sha.latest": "cc7544e230f8943e52b779d7f1e4392fd30a0c1a",
    "time.latest": 1717789676.8288023,
    "formatted_time": "2024-06-07 14:47:56.828803",
    "filescores": {
        ".clang-format": 0.0,
        ".clang-tidy": 0.0,
        ".pre-commit-config.yaml": 0.0,
        ".travis.yml": 0.0,
        ".ycm_extra_conf.py": 7.0318020968765245,
        "AUTHORS": 5.892843443881539,
        "CMakeLists.txt": 5.892843443881539,
        "CONTRIBUTING.md": 1.9599979041453612,
        "CONTRIBUTORS": 5.892843443881539,
        "LICENSE": 1.9599979041453612,
        "MODULE.bazel": 0.0,
        "README.md": 5.892843443881539,
        "WORKSPACE.bzlmod": 0.0,
        "_config.yml": 1.9599979041453612,
        "appveyor.yml": 1.9599979041453612,
        "pyproject.toml": 0.0,
        "setup.py": 7.1663618311386665
    },
    "subdirscores": {
        "bazel": 0.0,
        "bindings": 7.230549762077841,
        "cmake": 5.892843443881539,
        "docs": 5.892843443881539,
        "include": 7.395508330629892,
        "src": 13.288479675759493,
        "test": 7.459696261569065,
        "tools": 7.230549762077841
    }
}