{
    "directory name": "llvm-project/llvm/cmake/modules",
    "score.sum": 0.006202460162968719,
    "sha.latest": "1ebbf97316729e38b3189c6c55516266a7909121",
    "time.latest": 1717789140.261566,
    "formatted_time": "2024-06-07 14:39:00.261570",
    "filescores": {
        "AddLLVM.cmake": 0.002152878878390601,
        "AddOCaml.cmake": 3.965068475673092e-05,
        "AddSphinxTarget.cmake": 9.779092114512968e-05,
        "CMakeLists.txt": 0.000272991109389421,
        "CheckAtomic.cmake": 6.244194045280719e-05,
        "CheckCompilerVersion.cmake": 8.269859069641465e-05,
        "CheckProblematicConfigurations.cmake": 0,
        "CoverageReport.cmake": 6.099602068851199e-06,
        "CrossCompile.cmake": 0.00012037999858460221,
        "DetermineGCCCompatible.cmake": 6.099602068851199e-06,
        "FindFFI.cmake": 1.4092068852606105e-05,
        "FindLibEdit.cmake": 0,
        "FindLibpfm.cmake": 6.099602068851199e-06,
        "FindOCaml.cmake": 0,
        "FindSphinx.cmake": 6.099602068851199e-06,
        "FindTerminfo.cmake": 9.11649238598111e-06,
        "FindZ3.cmake": 2.0878281583112935e-05,
        "Findzstd.cmake": 8.442615032665823e-06,
        "GenerateVersionFromVCS.cmake": 2.2726580083291866e-05,
        "GetErrcMessages.cmake": 1.2253735147076221e-05,
        "GetHostTriple.cmake": 5.8403267293229335e-05,
        "GetLibraryName.cmake": 0,
        "HandleLLVMOptions.cmake": 0.001464475647733168,
        "HandleLLVMStdlib.cmake": 2.3161624421077985e-05,
        "LLVM-Build.cmake": 6.198837390081388e-06,
        "LLVM-Config.cmake": 0.00015786807954725236,
        "LLVMCheckLinkerFlag.cmake": 2.9707192056617258e-05,
        "LLVMConfig.cmake.in": 0.00039071346512071673,
        "LLVMConfigVersion.cmake.in": 1.4042452975665295e-05,
        "LLVMDistributionSupport.cmake": 2.4337931354836048e-05,
        "LLVMExternalProjectUtils.cmake": 0.0002011925678218425,
        "LLVMInstallSymlink.cmake": 9.779536461470123e-05,
        "LLVMProcessSources.cmake": 6.999032495079716e-05,
        "TableGen.cmake": 0.0004079151053255147,
        "TensorFlowCompile.cmake": 5.596549297071003e-05,
        "UseLibtool.cmake": 0,
        "VersionFromVCS.cmake": 5.929800747007098e-05,
        "llvm-driver-template.cpp.in": 1.1257076258818592e-05
    },
    "subdirscores": {}
}