{
    "directory name": "llvm-project/llvm/lib/TableGen",
    "score.sum": 0.0029154550286410864,
    "sha.latest": "a1ed821b49d9a189c3a0a11228c0de517020feca",
    "time.latest": 1717844950.3198438,
    "formatted_time": "2024-06-08 06:09:10.319848",
    "filescores": {
        "CMakeLists.txt": 1.2569049057128021,
        "DetailedRecordsBackend.cpp": 0.508383050832632,
        "Error.cpp": 1.8959532570040591,
        "JSONBackend.cpp": 1.2715395472865834,
        "Main.cpp": 5.283125862451966,
        "Parser.cpp": 0.47327459040186315,
        "Record.cpp": 31.126957603795276,
        "SetTheory.cpp": 1.7848623392710663,
        "StringMatcher.cpp": 1.1342350210659335,
        "TGLexer.cpp": 9.433253205125327,
        "TGLexer.h": 8.496347602279027,
        "TGParser.cpp": 26.629962850502114,
        "TGParser.h": 8.865750776055418,
        "TableGenBackend.cpp": 1.2820452840440195,
        "TableGenBackendSkeleton.cpp": 0.5574041041719355
    },
    "subdirscores": {},
    "score.percentage": 0.22844843508381174
}