{
    "directory name": "llvm-project/cross-project-tests/debuginfo-tests/dexter-tests",
    "score.sum": 0.0008274496500272732,
    "sha.latest": "a8837b49c1c1650357d7d8f2957c903b3a5ab039",
    "time.latest": 1717792840.0324416,
    "formatted_time": "2024-06-08 02:10:40.032445",
    "filescores": {
        "aggregate-indirect-arg.cpp": 5.08700634807218,
        "asan-deque.cpp": 3.863682927165099,
        "asan.c": 3.863682927165099,
        "ctor.cpp": 5.08700634807218,
        "dbg-arg.c": 5.357171477503917,
        "deferred_globals.cpp": 5.08700634807218,
        "global-constant.cpp": 4.377046280111306,
        "hello.c": 4.377046280111306,
        "inline-line-gap.cpp": 4.377046280111306,
        "lit.local.cfg": 0.7371568854552241,
        "namespace.cpp": 5.08700634807218,
        "nrvo-string.cpp": 3.863682927165099,
        "nrvo.cpp": 4.377046280111306,
        "optnone-fastmath.cpp": 4.3914908297741135,
        "optnone-loops.cpp": 3.6545431096558008,
        "optnone-simple-functions.cpp": 5.285849633408799,
        "optnone-struct-and-methods.cpp": 4.3914908297741135,
        "optnone-vectors-and-functions.cpp": 5.113952648242645,
        "realigned-frame.cpp": 4.377046280111306,
        "stack-var.c": 5.08700634807218,
        "vla.c": 5.08700634807218
    },
    "subdirscores": {
        "memvars": 7.070026315700486
    }
}