{
    "directory name": "llvm-project/libc/src/unistd/linux",
    "score.sum": 0.009561701399896018,
    "sha.latest": "c6691f689e9aa787b809fd3493bae8a5ca845cea",
    "time.latest": 1717843436.932374,
    "formatted_time": "2024-06-08 05:43:56.932378",
    "filescores": {
        "CMakeLists.txt": 0.3566203575238247,
        "access.cpp": 0.06791172379318014,
        "chdir.cpp": 0.058832206312146806,
        "close.cpp": 0.07307140012458686,
        "dup.cpp": 0.056517941566473925,
        "dup2.cpp": 0.08520336210192948,
        "dup3.cpp": 0.056517941566473925,
        "execv.cpp": 0.05399652902435646,
        "execve.cpp": 0.05399652902435646,
        "fchdir.cpp": 0.058832206312146806,
        "fork.cpp": 0.0767505774868496,
        "fsync.cpp": 0.07307140012458686,
        "ftruncate.cpp": 0.07585070659228248,
        "getcwd.cpp": 0.059395067780645634,
        "geteuid.cpp": 0.03796308264127961,
        "getpid.cpp": 0.03796308264127961,
        "getppid.cpp": 0.03796308264127961,
        "getuid.cpp": 0.03796308264127961,
        "isatty.cpp": 0.053688419058521376,
        "link.cpp": 0.060925781159351676,
        "linkat.cpp": 0.058615859434905014,
        "lseek.cpp": 0.12033817723321885,
        "pread.cpp": 0.07441760776855225,
        "pwrite.cpp": 0.07359279928624841,
        "read.cpp": 0.08044727036928066,
        "readlink.cpp": 0.07049955299322035,
        "readlinkat.cpp": 0.058615859434905014,
        "rmdir.cpp": 0.05971881631195397,
        "symlink.cpp": 0.060925781159351676,
        "symlinkat.cpp": 0.058615859434905014,
        "syscall.cpp": 0.07123963944565645,
        "sysconf.cpp": 0.04726514690271948,
        "truncate.cpp": 0.0663041613806197,
        "unlink.cpp": 0.08755824997093403,
        "unlinkat.cpp": 0.0743992314010128,
        "write.cpp": 0.11540369162932669
    },
    "subdirscores": {}
}