{
    "directory name": "llvm-project/bolt",
    "score.sum": 0.14793599314676578,
    "sha.latest": "a9b0d7590b9e08151243b97aa75366e988e0d6c8",
    "time.latest": 1717797168.275719,
    "formatted_time": "2024-06-08 03:22:48.275722",
    "filescores": {
        "CMakeLists.txt": 0.6375332940375545,
        "CODE_OWNERS.TXT": 0.02089038791573911,
        "LICENSE.TXT": 0.02007646631636598,
        "README.md": 0.031488002370479606
    },
    "subdirscores": {
        "cmake": 0.0003908410969730942,
        "docs": 0.004355555154602835,
        "include": 0.055212454189682146,
        "lib": 0.1239941576000218,
        "runtime": 0.017363215919162185,
        "test": 0.11332808559034206,
        "tools": 0.007587916152254308,
        "unittests": 0.00302226011127758,
        "utils": 0.0032640759456527566
    }
}