{
    "directory name": "llvm-project/flang/include/flang/Optimizer/Builder",
    "score.sum": 0.0007814265267216793,
    "sha.latest": "860a40057da2fbb626fdf17feec18070d95b687b",
    "time.latest": 1717789665.094841,
    "formatted_time": "2024-06-07 14:47:45.094845",
    "filescores": {
        "BoxValue.h": 3.7761063405414084,
        "Character.h": 3.544206464335615,
        "Complex.h": 0.0,
        "DoLoopHelper.h": 0.0,
        "FIRBuilder.h": 23.333090577025832,
        "Factory.h": 2.9293637947005964,
        "HLFIRTools.h": 16.64741132685796,
        "IntrinsicCall.h": 10.89878785901611,
        "LowLevelIntrinsics.h": 1.3972766850390514,
        "MutableBox.h": 5.535265143072678,
        "PPCIntrinsicCall.h": 7.6116437344244945,
        "TemporaryStorage.h": 1.5930885719249661,
        "Todo.h": 0.8132566521284705
    },
    "subdirscores": {
        "Runtime": 21.92050285093281
    },
    "score.percentage": 26.788772891106934
}