{
    "directory_name": "llvm-project/llvm",
    "score.sum": 51.7297470510069,
    "sha.latest": "9c05054a138c176a584e904c4ad9fb6594e44605",
    "time.latest": 1718077955.049287,
    "formatted_time": "2024-06-10 22:52:35.049293",
    "filescores": {
        ".clang-format": 0.02007646631636598,
        ".clang-tidy": 0.07004896441021904,
        "CMakeLists.txt": 10.061792886288751,
        "CODE_OWNERS.TXT": 1.1402138193426492,
        "CREDITS.TXT": 1.8548265115546532,
        "LICENSE.TXT": 0.4530645284918908,
        "README.txt": 0.8751696675564743,
        "RELEASE_TESTERS.TXT": 0.05030675819894572,
        "configure": 6.429997922598318,
        "llvm.spec.in": 0.053639429513940566
    },
    "subdirscores": {
        "benchmarks": 0.0,
        "bindings": 0.08739966407897393,
        "cmake": 0.37703261145100914,
        "docs": 1.9037748080796149,
        "examples": 0.13198320796079874,
        "include": 10.691062121492067,
        "lib": 35.09910278493014,
        "projects": 0.027900299415415532,
        "resources": 0.00031836225897636394,
        "runtimes": 0.030571217955082823,
        "test": 25.30167715369766,
        "tools": 3.048217960413358,
        "unittests": 1.9466938298837555,
        "utils": 2.902608449739259
    }
}