{
    "directory name": "llvm-project/llvm/lib/Target",
    "score.sum": 0.2959387616130595,
    "sha.latest": "b7f97d3661814c4ae11b8772f8a27c029d01648b",
    "time.latest": 1717873823.5857728,
    "formatted_time": "2024-06-08 14:10:23.585774",
    "filescores": {
        "CMakeLists.txt": 0.00017051348368184158,
        "README.txt": 0.0003719176262752826,
        "Target.cpp": 0.00011710237076300024,
        "TargetIntrinsicInfo.cpp": 2.4210016191291906e-05,
        "TargetLoweringObjectFile.cpp": 0.00037600093381935944,
        "TargetMachine.cpp": 0.0011116990965191476,
        "TargetMachineC.cpp": 0.00020017302137905266
    },
    "subdirscores": {
        "AArch64": 0.027734196405943178,
        "AMDGPU": 0.03501901666587553,
        "ARC": 0.00044369866264748427,
        "ARM": 0.03207654806334481,
        "AVR": 0.0015910521968497417,
        "BPF": 0.0017572988264264798,
        "CSKY": 0.000457455594838476,
        "DirectX": 0.00028630907864785526,
        "Hexagon": 0.009016166447160506,
        "Lanai": 0.0008783400290488921,
        "LoongArch": 0.0010935893362795043,
        "M68k": 0.0006071712762184314,
        "MSP430": 0.0015865318689074624,
        "Mips": 0.013283494472382085,
        "NVPTX": 0.003753475990593931,
        "PowerPC": 0.020747248787407156,
        "RISCV": 0.020768610361986427,
        "SPIRV": 0.0005517282956594132,
        "Sparc": 0.005474392054242122,
        "SystemZ": 0.005623550225121844,
        "VE": 0.0008180168240581547,
        "WebAssembly": 0.004817263284187891,
        "X86": 0.08416905404952373,
        "XCore": 0.0021952272127319294,
        "Xtensa": 4.325650609962292e-05
    }
}