{
    "directory name": "llvm-project/llvm/lib/Target",
    "score.sum": 15.390243379450542,
    "sha.latest": "b7f97d3661814c4ae11b8772f8a27c029d01648b",
    "time.latest": 1717873823.5857728,
    "formatted_time": "2024-06-08 14:10:23.585774",
    "filescores": {
        "CMakeLists.txt": 0.5612346794074485,
        "README.txt": 1.2241440690875758,
        "Target.cpp": 0.38543527522816956,
        "TargetIntrinsicInfo.cpp": 0.07968578426865969,
        "TargetLoweringObjectFile.cpp": 1.2375840255704191,
        "TargetMachine.cpp": 3.6590894312888715,
        "TargetMachineC.cpp": 0.6588572296682058
    },
    "subdirscores": {
        "AArch64": 1.4423120185217135,
        "AMDGPU": 1.8211578181216381,
        "ARC": 0.023074471110377734,
        "ARM": 1.668135254661195,
        "AVR": 0.08274239036974602,
        "BPF": 0.09138801717528326,
        "CSKY": 0.023789897955512635,
        "DirectX": 0.014889453406235686,
        "Hexagon": 0.4688841543267197,
        "Lanai": 0.04567791911845177,
        "LoongArch": 0.056871921578557534,
        "M68k": 0.03157583570019537,
        "MSP430": 0.0825073115081349,
        "Mips": 0.6908057996365039,
        "NVPTX": 0.195198860396987,
        "PowerPC": 1.0789570333800966,
        "RISCV": 1.080067938318508,
        "SPIRV": 0.028692533222904135,
        "Sparc": 0.2846947983768224,
        "SystemZ": 0.2924517428857477,
        "VE": 0.04254082142575477,
        "WebAssembly": 0.25052093197402636,
        "X86": 4.377196889584921,
        "XCore": 0.1141624060768062,
        "Xtensa": 0.0022495470109735894
    }
}