{
    "directory name": "llvm-project/clang/lib/Basic/Targets",
    "score.sum": 0.21878268441248586,
    "sha.latest": "c88beb4112d5bbf07d76a615ab7f13ba2ba023e6",
    "time.latest": 1717807825.200553,
    "formatted_time": "2024-06-08 06:20:25.200556",
    "filescores": {
        "AArch64.cpp": 2.195683682994543,
        "AArch64.h": 1.0633963074280126,
        "AMDGPU.cpp": 1.2800016841655044,
        "AMDGPU.h": 0.7618543840691965,
        "ARC.cpp": 0.04011716271764242,
        "ARC.h": 0.10955934354243255,
        "ARM.cpp": 1.0148263972462532,
        "ARM.h": 0.3599014525829275,
        "AVR.cpp": 0.3679362820122225,
        "AVR.h": 0.2226121465619499,
        "BPF.cpp": 0.15683874831772482,
        "BPF.h": 0.17427137521723488,
        "CSKY.cpp": 0.04249685362656975,
        "CSKY.h": 0.04579710590907425,
        "DirectX.cpp": 0.0,
        "DirectX.h": 0.09106352736192626,
        "Hexagon.cpp": 0.24391103205986045,
        "Hexagon.h": 0.13655815590776235,
        "Lanai.cpp": 0.0275989249112246,
        "Lanai.h": 0.09030394315700903,
        "Le64.cpp": 0.06392550048264939,
        "Le64.h": 0.10263410842157607,
        "LoongArch.cpp": 0.2009457840182386,
        "LoongArch.h": 0.1710042404037487,
        "M68k.cpp": 0.18612068963714762,
        "M68k.h": 0.09940899481789933,
        "Mips.cpp": 0.22320070310428006,
        "Mips.h": 0.18281952075041738,
        "MSP430.cpp": 0.054299414234641234,
        "MSP430.h": 0.11831204134330506,
        "NVPTX.cpp": 0.7224950567462242,
        "NVPTX.h": 0.4963470947278082,
        "OSTargets.cpp": 0.32937863685197466,
        "OSTargets.h": 1.2850289284408414,
        "PNaCl.cpp": 0.02567107049343202,
        "PNaCl.h": 0.08837475914062841,
        "PPC.cpp": 1.3654743439193933,
        "PPC.h": 0.8911428714983605,
        "RISCV.cpp": 1.3094615450520017,
        "RISCV.h": 0.5306793268219325,
        "Sparc.cpp": 0.10518315728222666,
        "Sparc.h": 0.15324245044498885,
        "SPIR.cpp": 0.04841237436680882,
        "SPIR.h": 0.4751085588082009,
        "SystemZ.cpp": 0.15002860555814682,
        "SystemZ.h": 0.33639016085492185,
        "TCE.cpp": 0.02007646631636598,
        "TCE.h": 0.14758563573046155,
        "VE.cpp": 0.10192392402515738,
        "VE.h": 0.08434783704384737,
        "WebAssembly.cpp": 0.42156414202541415,
        "WebAssembly.h": 0.5335800392572471,
        "X86.cpp": 2.0187384296810054,
        "X86.h": 1.729982424485224,
        "XCore.cpp": 0.07899018670302624,
        "XCore.h": 0.12639888356114748
    },
    "subdirscores": {}
}