{
    "directory name": "llvm-project/clang/lib/Basic/Targets",
    "score.sum": 0.004206968992697205,
    "sha.latest": "c88beb4112d5bbf07d76a615ab7f13ba2ba023e6",
    "time.latest": 1717807825.200553,
    "formatted_time": "2024-06-08 06:20:25.200556",
    "filescores": {
        "AArch64.cpp": 0.0006670893435274894,
        "AArch64.h": 0.00032307948094974855,
        "AMDGPU.cpp": 0.00038888820362298484,
        "AMDGPU.h": 0.000231465463294388,
        "ARC.cpp": 1.2188336575421035e-05,
        "ARC.h": 3.328615643822939e-05,
        "ARM.cpp": 0.00030832304324003703,
        "ARM.h": 0.00010934472282942754,
        "AVR.cpp": 0.00011178585272935634,
        "AVR.h": 6.763369052719125e-05,
        "BPF.cpp": 4.765051471906585e-05,
        "BPF.h": 5.294686943738013e-05,
        "CSKY.cpp": 1.2911330720037363e-05,
        "CSKY.h": 1.3914008448920634e-05,
        "DirectX.cpp": 0,
        "DirectX.h": 2.7666785137427253e-05,
        "Hexagon.cpp": 7.410468616955564e-05,
        "Hexagon.h": 4.148889536474282e-05,
        "Lanai.cpp": 8.38506422563739e-06,
        "Lanai.h": 2.743600939657873e-05,
        "Le64.cpp": 1.942175026480933e-05,
        "Le64.h": 3.118214182705137e-05,
        "LoongArch.cpp": 6.10510485565587e-05,
        "LoongArch.h": 5.195425340856678e-05,
        "M68k.cpp": 5.654691048101985e-05,
        "M68k.h": 3.0202292619562573e-05,
        "Mips.cpp": 6.781250489853838e-05,
        "Mips.h": 5.5543954270807075e-05,
        "MSP430.cpp": 1.6497167090257993e-05,
        "MSP430.h": 3.594538803670597e-05,
        "NVPTX.cpp": 0.00021950737113889313,
        "NVPTX.h": 0.00015079943443045254,
        "OSTargets.cpp": 0.00010007132645349681,
        "OSTargets.h": 0.00039041557348475526,
        "PNaCl.cpp": 7.799346370218497e-06,
        "PNaCl.h": 2.6849887584498812e-05,
        "PPC.cpp": 0.00041485637969787705,
        "PPC.h": 0.0002707456988186402,
        "RISCV.cpp": 0.0003978386546425881,
        "RISCV.h": 0.00016123020200725915,
        "Sparc.cpp": 3.195659005210344e-05,
        "Sparc.h": 4.655789286026474e-05,
        "SPIR.cpp": 1.470857541324718e-05,
        "SPIR.h": 0.00014434677410700693,
        "SystemZ.cpp": 4.558146729752673e-05,
        "SystemZ.h": 0.00010220155722420336,
        "TCE.cpp": 6.099602068851199e-06,
        "TCE.h": 4.483924784614135e-05,
        "VE.cpp": 3.096637466238206e-05,
        "VE.h": 2.562643411586697e-05,
        "WebAssembly.cpp": 0.00012807898921711927,
        "WebAssembly.h": 0.00016211149213535126,
        "X86.cpp": 0.0006133301004327606,
        "X86.h": 0.0005256006813741079,
        "XCore.cpp": 2.3998680775807613e-05,
        "XCore.h": 3.840232038451733e-05
    },
    "subdirscores": {}
}