{
    "directory name": "llvm-project/clang/lib/Basic/Targets",
    "score.sum": 0.007110266523403434,
    "sha.latest": "c88beb4112d5bbf07d76a615ab7f13ba2ba023e6",
    "time.latest": 1717807825.200553,
    "formatted_time": "2024-06-08 06:20:25.200556",
    "filescores": {
        "AArch64.cpp": 9.382058201781405,
        "AArch64.h": 4.5438448739767034,
        "AMDGPU.cpp": 5.469389963694888,
        "AMDGPU.h": 3.255369718315336,
        "ARC.cpp": 0.17141884253288028,
        "ARC.h": 0.4681421762274036,
        "ARM.cpp": 4.336307819477541,
        "ARM.h": 1.5378428146050436,
        "AVR.cpp": 1.5721752814949106,
        "AVR.h": 0.9512117485972577,
        "BPF.cpp": 0.6701649588271302,
        "BPF.h": 0.7446537941032951,
        "CSKY.cpp": 0.18158715538355324,
        "CSKY.h": 0.1956889858224399,
        "DirectX.cpp": 0.0,
        "DirectX.h": 0.3891103806919482,
        "Hexagon.cpp": 1.0422209339922794,
        "Hexagon.h": 0.5835068942659487,
        "Lanai.cpp": 0.1179289721143077,
        "Lanai.h": 0.38586471134764266,
        "Le64.cpp": 0.27315080526000907,
        "Le64.h": 0.43855095620417867,
        "LoongArch.cpp": 0.8586323502165389,
        "LoongArch.h": 0.7306934731287417,
        "M68k.cpp": 0.7952853848009179,
        "M68k.h": 0.4247701899802456,
        "Mips.cpp": 0.9537266243864924,
        "Mips.h": 0.7811796377531589,
        "MSP430.cpp": 0.23201896913368278,
        "MSP430.h": 0.5055420625709567,
        "NVPTX.cpp": 3.0871890725387705,
        "NVPTX.h": 2.120868942593029,
        "OSTargets.cpp": 1.4074201877540338,
        "OSTargets.h": 5.490871153700116,
        "PNaCl.cpp": 0.10969133638727828,
        "PNaCl.h": 0.37762139430529695,
        "PPC.cpp": 5.8346108170822815,
        "PPC.h": 3.8078136442210857,
        "RISCV.cpp": 5.595270632023464,
        "RISCV.h": 2.2675690352333504,
        "Sparc.cpp": 0.4494429280100593,
        "Sparc.h": 0.6547981388182776,
        "SPIR.cpp": 0.20686391100578186,
        "SPIR.h": 2.030117628247685,
        "SystemZ.cpp": 0.6410655233175211,
        "SystemZ.h": 1.4373801163121953,
        "TCE.cpp": 0.08578584289033844,
        "TCE.h": 0.6306268224763871,
        "VE.cpp": 0.43551637003277266,
        "VE.h": 0.3604145362416105,
        "WebAssembly.cpp": 1.8013247294675583,
        "WebAssembly.h": 2.279963649769829,
        "X86.cpp": 8.62597904612978,
        "X86.h": 7.39213754708201,
        "XCore.cpp": 0.33752153589202294,
        "XCore.h": 0.5400967777806379
    },
    "subdirscores": {},
    "score.percentage": 29.143283314197287
}