{
    "directory name": "llvm-project/third-party/benchmark/src",
    "score.sum": 0.002187659200660562,
    "sha.latest": "a5b797172cc902db166e9a695716fb81405f86e4",
    "time.latest": 1717789059.0687563,
    "formatted_time": "2024-06-07 14:37:39.068760",
    "filescores": {
        "CMakeLists.txt": 0.07552645570263132,
        "arraysize.h": 0.0204221806543733,
        "benchmark.cc": 0.08034274436487102,
        "benchmark_api_internal.cc": 0.06140042962513437,
        "benchmark_api_internal.h": 0.06140042962513437,
        "benchmark_main.cc": 0.06074663779480249,
        "benchmark_name.cc": 0.06074663779480249,
        "benchmark_register.cc": 0.06140042962513437,
        "benchmark_register.h": 0.06140042962513437,
        "benchmark_runner.cc": 0.06140042962513437,
        "benchmark_runner.h": 0.06140042962513437,
        "check.cc": 0.0,
        "check.h": 0.06140042962513437,
        "colorprint.cc": 0.06140042962513437,
        "colorprint.h": 0.0204221806543733,
        "commandlineflags.cc": 0.06140042962513437,
        "commandlineflags.h": 0.06140042962513437,
        "complexity.cc": 0.06140042962513437,
        "complexity.h": 0.06074663779480249,
        "console_reporter.cc": 0.06140042962513437,
        "counter.cc": 0.06074663779480249,
        "counter.h": 0.0204221806543733,
        "csv_reporter.cc": 0.06140042962513437,
        "cycleclock.h": 0.06140042962513437,
        "internal_macros.h": 0.06074663779480249,
        "json_reporter.cc": 0.06140042962513437,
        "log.h": 0.06140042962513437,
        "mutex.h": 0.036015528017658976,
        "perf_counters.cc": 0.06140042962513437,
        "perf_counters.h": 0.06140042962513437,
        "re.h": 0.06140042962513437,
        "reporter.cc": 0.06140042962513437,
        "statistics.cc": 0.06140042962513437,
        "statistics.h": 0.06140042962513437,
        "string_util.cc": 0.06140042962513437,
        "string_util.h": 0.06140042962513437,
        "sysinfo.cc": 0.08673506677144727,
        "thread_manager.h": 0.06140042962513437,
        "thread_timer.h": 0.036015528017658976,
        "timers.cc": 0.08005621731741017,
        "timers.h": 0.0204221806543733
    },
    "subdirscores": {}
}