{
    "directory name": "llvm-project/clang/unittests",
    "score.sum": 1.1173223584916052,
    "sha.latest": "0baef3b18cdbbdcf9f07c10607407ad0fb541449",
    "time.latest": 1718083120.084868,
    "formatted_time": "2024-06-11 10:48:40.084870",
    "filescores": {
        "CMakeLists.txt": 0.6031685434131978
    },
    "subdirscores": {
        "Analysis": 0.10823885049703863,
        "AST": 0.1416731311732053,
        "ASTMatchers": 0.08430901659676364,
        "Basic": 0.04558789950148073,
        "CodeGen": 0.008702816533120028,
        "CrossTU": 0.003974873987579111,
        "DirectoryWatcher": 0.00419264442775997,
        "Driver": 0.022572554596040694,
        "Format": 0.3691867775343108,
        "Frontend": 0.032101546775563115,
        "Index": 0.0021822186970759327,
        "InstallAPI": 0.0,
        "Interpreter": 0.014139463103479091,
        "Introspection": 0.0023647909568401022,
        "Lex": 0.031437236275146156,
        "libclang": 0.01025532308631403,
        "Rename": 0.002760509811433368,
        "Rewrite": 0.0020901939867997367,
        "Sema": 0.012301032115272654,
        "Serialization": 0.005865758666478139,
        "StaticAnalyzer": 0.02438766063005993,
        "Support": 0.0019077025957860319,
        "Tooling": 0.14402549349318375
    }
}