{
    "directory name": "llvm-project/clang/unittests",
    "score.sum": 0.021484975054786536,
    "sha.latest": "0baef3b18cdbbdcf9f07c10607407ad0fb541449",
    "time.latest": 1718083120.084868,
    "formatted_time": "2024-06-11 10:48:40.084870",
    "filescores": {
        "CMakeLists.txt": 0.00018325376773451304
    },
    "subdirscores": {
        "Analysis": 0.002081323250370736,
        "AST": 0.0027242305374601396,
        "ASTMatchers": 0.001621176829326521,
        "Basic": 0.0008766090431696915,
        "CodeGen": 0.00016734632999995807,
        "CrossTU": 7.643279293573602e-05,
        "DirectoryWatcher": 8.062029749912101e-05,
        "Driver": 0.000434047317439755,
        "Format": 0.007099087067934378,
        "Frontend": 0.0006172801666872029,
        "Index": 4.1961850950570994e-05,
        "InstallAPI": 0,
        "Interpreter": 0.0002718875262430411,
        "Introspection": 4.547253022492534e-05,
        "Lex": 0.0006045061499304279,
        "libclang": 0.0001971994554782633,
        "Rename": 5.308180220899518e-05,
        "Rewrite": 4.019230916195307e-05,
        "Sema": 0.00023653636404587054,
        "Serialization": 0.00011279258637302891,
        "StaticAnalyzer": 0.00046894996443891,
        "Support": 3.668318491160165e-05,
        "Tooling": 0.0027694640776112444
    }
}