{
    "directory name": "llvm-project/llvm/lib/Transforms/Instrumentation",
    "score.sum": 0.013025218388702908,
    "sha.latest": "03c6c73b022415378f2efbc13398bdb2c22d3180",
    "time.latest": 1717875696.0681481,
    "formatted_time": "2024-06-08 14:41:36.068151",
    "filescores": {
        "AddressSanitizer.cpp": 0.0019610986023150772,
        "BlockCoverageInference.cpp": 0,
        "BoundsChecking.cpp": 0.00013245423829949437,
        "CGProfile.cpp": 6.793420747262115e-05,
        "CMakeLists.txt": 0.00017918439704085116,
        "ControlHeightReduction.cpp": 0.00021887487801759318,
        "DataFlowSanitizer.cpp": 0.000763513630049613,
        "GCOVProfiling.cpp": 0.0005842740249476351,
        "HWAddressSanitizer.cpp": 0.0009093456380830771,
        "IndirectCallPromotion.cpp": 0.00012468514215421456,
        "InstrOrderFile.cpp": 2.9860575043677825e-05,
        "InstrProfiling.cpp": 0.0009377736889587395,
        "Instrumentation.cpp": 0.0003161182293585711,
        "KCFI.cpp": 1.3303420333279565e-05,
        "MemProfiler.cpp": 0.00015532972807902687,
        "MemorySanitizer.cpp": 0.0013636616859520729,
        "PGOForceFunctionAttrs.cpp": 6.099602068851199e-06,
        "PGOInstrumentation.cpp": 0.0007481562251499599,
        "PGOMemOPSizeOpt.cpp": 0.00012782306920881576,
        "PoisonChecking.cpp": 4.265471253934761e-05,
        "RemoveTrapsPass.cpp": 0,
        "SanitizerBinaryMetadata.cpp": 5.794522196206328e-05,
        "SanitizerCoverage.cpp": 0.0005116117992260531,
        "ThreadSanitizer.cpp": 0.0004028659213296615,
        "ValueProfileCollector.cpp": 9.727610103256588e-06,
        "ValueProfileCollector.h": 9.684420302465597e-06,
        "ValueProfilePlugins.inc": 1.676507309944023e-05
    },
    "subdirscores": {}
}