{
    "directory name": "llvm-project/llvm/lib/Transforms/Instrumentation",
    "score.sum": 0.677374197215625,
    "sha.latest": "03c6c73b022415378f2efbc13398bdb2c22d3180",
    "time.latest": 1717875696.0681481,
    "formatted_time": "2024-06-08 14:41:36.068151",
    "filescores": {
        "AddressSanitizer.cpp": 6.454835838146139,
        "BlockCoverageInference.cpp": 0.0,
        "BoundsChecking.cpp": 0.435965006186141,
        "CGProfile.cpp": 0.22360127966675206,
        "CMakeLists.txt": 0.5897744592191946,
        "ControlHeightReduction.cpp": 0.7204132444080132,
        "DataFlowSanitizer.cpp": 2.513058311468567,
        "GCOVProfiling.cpp": 1.9231021383003162,
        "HWAddressSanitizer.cpp": 2.9930554267038687,
        "IndirectCallPromotion.cpp": 0.4103935024538171,
        "InstrOrderFile.cpp": 0.09828425236347024,
        "InstrProfiling.cpp": 3.0866246135791475,
        "Instrumentation.cpp": 1.040483774526281,
        "KCFI.cpp": 0.04378739255425698,
        "MemProfiler.cpp": 0.5112582785742618,
        "MemorySanitizer.cpp": 4.488408849610729,
        "PGOForceFunctionAttrs.cpp": 0.02007646631636598,
        "PGOInstrumentation.cpp": 2.462510354619187,
        "PGOMemOPSizeOpt.cpp": 0.4207217970054615,
        "PoisonChecking.cpp": 0.1403953716757415,
        "RemoveTrapsPass.cpp": 0.0,
        "SanitizerBinaryMetadata.cpp": 0.19072314616333924,
        "SanitizerCoverage.cpp": 1.6839388763850556,
        "ThreadSanitizer.cpp": 1.3260084851912342,
        "ValueProfileCollector.cpp": 0.032017832372063966,
        "ValueProfileCollector.h": 0.031875675790207766,
        "ValueProfilePlugins.inc": 0.055181210441768616
    },
    "subdirscores": {}
}