{
    "directory name": "llvm-project/llvm/lib/Transforms/Instrumentation",
    "score.sum": 0.009690745741095462,
    "sha.latest": "03c6c73b022415378f2efbc13398bdb2c22d3180",
    "time.latest": 1717875696.0681481,
    "formatted_time": "2024-06-08 14:41:36.068151",
    "filescores": {
        "AddressSanitizer.cpp": 20.236818246078457,
        "BlockCoverageInference.cpp": 0.0,
        "BoundsChecking.cpp": 1.3668116142785258,
        "CGProfile.cpp": 0.7010214619968114,
        "CMakeLists.txt": 1.849025883333059,
        "ControlHeightReduction.cpp": 2.2585968496667124,
        "DataFlowSanitizer.cpp": 7.878791276215074,
        "GCOVProfiling.cpp": 6.02919569409307,
        "HWAddressSanitizer.cpp": 9.383649745620948,
        "IndirectCallPromotion.cpp": 1.2866413533631718,
        "InstrOrderFile.cpp": 0.3081349551567362,
        "InstrProfiling.cpp": 9.677002307283027,
        "Instrumentation.cpp": 3.262062980540406,
        "KCFI.cpp": 0.13727963449565977,
        "MemProfiler.cpp": 1.6028666134570164,
        "MemorySanitizer.cpp": 14.071793052718373,
        "PGOForceFunctionAttrs.cpp": 0.06294254572158126,
        "PGOInstrumentation.cpp": 7.720316321759019,
        "PGOMemOPSizeOpt.cpp": 1.3190220094905347,
        "PoisonChecking.cpp": 0.4401592372655299,
        "RemoveTrapsPass.cpp": 0.0,
        "SanitizerBinaryMetadata.cpp": 0.5979438890480376,
        "SanitizerCoverage.cpp": 5.279385228904164,
        "ThreadSanitizer.cpp": 4.157223108446974,
        "ValueProfileCollector.cpp": 0.10038040789786483,
        "ValueProfileCollector.h": 0.09993472701896368,
        "ValueProfilePlugins.inc": 0.1730008561502623
    },
    "subdirscores": {},
    "score.percentage": 8.562973997174442
}