{
    "directory name": "llvm-project/lldb/source/Plugins/SymbolFile/NativePDB",
    "score.sum": 0.0013302129761207239,
    "sha.latest": "dd7386d85f11cf6ad911b9827c7018fb08c6c205",
    "time.latest": 1717881392.8843594,
    "formatted_time": "2024-06-09 02:46:32.884361",
    "filescores": {
        "CMakeLists.txt": 1.4877132569301648,
        "CodeViewRegisterMapping.cpp": 1.484444796486661,
        "CodeViewRegisterMapping.h": 0.9843363227407788,
        "CompileUnitIndex.cpp": 3.016113593968157,
        "CompileUnitIndex.h": 2.80230193841521,
        "DWARFLocationExpression.cpp": 4.770643314399738,
        "DWARFLocationExpression.h": 1.6228689757140793,
        "PdbAstBuilder.cpp": 14.466947459264922,
        "PdbAstBuilder.h": 3.668272255975528,
        "PdbFPOProgramToDWARFExpression.cpp": 1.3880276580686879,
        "PdbFPOProgramToDWARFExpression.h": 0.6115711161684729,
        "PdbIndex.cpp": 2.316925173374797,
        "PdbIndex.h": 2.592278354055872,
        "PdbSymUid.cpp": 0.5263991539584565,
        "PdbSymUid.h": 0.7069586114516454,
        "PdbUtil.cpp": 6.846115224686219,
        "PdbUtil.h": 2.4286479379508648,
        "SymbolFileNativePDB.cpp": 30.1722470380823,
        "SymbolFileNativePDB.h": 9.97958601890928,
        "UdtRecordCompleter.cpp": 5.7996394981344634,
        "UdtRecordCompleter.h": 2.327962301263697
    },
    "subdirscores": {},
    "score.percentage": 9.202648717048643
}