{
    "directory name": "llvm-project/lldb/source/Plugins/SymbolFile/NativePDB",
    "score.sum": 0.03357142697239244,
    "sha.latest": "dd7386d85f11cf6ad911b9827c7018fb08c6c205",
    "time.latest": 1717881392.8843594,
    "formatted_time": "2024-06-09 02:46:32.884361",
    "filescores": {
        "CMakeLists.txt": 0.06513676482317814,
        "CodeViewRegisterMapping.cpp": 0.06499366134658367,
        "CodeViewRegisterMapping.h": 0.043097339667174724,
        "CompileUnitIndex.cpp": 0.132054937962764,
        "CompileUnitIndex.h": 0.12269359130585208,
        "DWARFLocationExpression.cpp": 0.2088737666198733,
        "DWARFLocationExpression.h": 0.07105430721780688,
        "PdbAstBuilder.cpp": 0.6334084541989452,
        "PdbAstBuilder.h": 0.16060849503882801,
        "PdbFPOProgramToDWARFExpression.cpp": 0.06077221582218575,
        "PdbFPOProgramToDWARFExpression.h": 0.026776506682957068,
        "PdbIndex.cpp": 0.10144227016059967,
        "PdbIndex.h": 0.11349809831820222,
        "PdbSymUid.cpp": 0.023047410335822156,
        "PdbSymUid.h": 0.030952871192978824,
        "PdbUtil.cpp": 0.299744453620674,
        "PdbUtil.h": 0.10633384413003713,
        "SymbolFileNativePDB.cpp": 1.321035858456866,
        "SymbolFileNativePDB.h": 0.4369376588655915,
        "UdtRecordCompleter.cpp": 0.2539264554439152,
        "UdtRecordCompleter.h": 0.10192551032820163
    },
    "subdirscores": {}
}