{
    "directory name": "llvm-project/mlir/lib/Conversion/LLVMCommon",
    "score.sum": 0.00026307023091126213,
    "sha.latest": "43bc81d7488a8fbd43b855f7e1100cfe110f90fc",
    "time.latest": 1717803266.0318594,
    "formatted_time": "2024-06-07 18:34:26.031863",
    "filescores": {
        "CMakeLists.txt": 8.603918151182594e-06,
        "ConversionTarget.cpp": 6.099602068851199e-06,
        "LoweringOptions.cpp": 0,
        "MemRefBuilder.cpp": 8.339131412155635e-05,
        "MemRefDescriptor.h": 0,
        "Pattern.cpp": 0.00010633558176155252,
        "PrintCallHelper.cpp": 6.099602068851199e-06,
        "StructBuilder.cpp": 1.0281668895363811e-05,
        "TypeConverter.cpp": 0.00015619363540098134,
        "VectorPattern.cpp": 3.471992257735164e-05
    },
    "subdirscores": {}
}