{
    "directory name": "llvm-project/mlir/lib",
    "score.sum": 0.04554236913723996,
    "sha.latest": "fab2bb8bfda865bd438dee981d7be7df8017b76d",
    "time.latest": 1717813252.3680413,
    "formatted_time": "2024-06-07 21:20:52.368042",
    "filescores": {
        "CMakeLists.txt": 6.168244878741996e-05
    },
    "subdirscores": {
        "Analysis": 0.0021484664780154865,
        "AsmParser": 0.0001925872516408394,
        "Bindings": 0.0010078175321116176,
        "Bytecode": 0.000186940807361122,
        "CAPI": 0.0008009199108238318,
        "Conversion": 0.007289682178730728,
        "Debug": 2.8315135011028442e-05,
        "Dialect": 0.029326610557838615,
        "ExecutionEngine": 0.0018620064955933218,
        "IR": 0.003275709182243089,
        "Interfaces": 0.0007930431383063672,
        "Parser": 0.0007896958006382292,
        "Pass": 0.0005690825869817084,
        "Query": 4.8652844595358564e-05,
        "Reducer": 7.937471806294297e-05,
        "Rewrite": 0.0002028204740280297,
        "Support": 0.00034039214794374717,
        "TableGen": 0.000795981112503013,
        "Target": 0.00332348523478481,
        "Tools": 0.0006540595571666198,
        "Transforms": 0.0024177337084795923
    }
}