{
    "directory name": "llvm-project/compiler-rt/lib",
    "score.sum": 0.040431249950799907,
    "sha.latest": "bf8c7cda492f227d7e9a9fbc8e7a39adc7380a0e",
    "time.latest": 1717809454.4915318,
    "formatted_time": "2024-06-08 06:47:34.491533",
    "filescores": {
        "CMakeLists.txt": 0.6959043425790491
    },
    "subdirscores": {
        "asan": 14.319381918077474,
        "asan_abi": 0.047683330911805814,
        "BlocksRuntime": 0.015086916606115339,
        "builtins": 5.956460246989817,
        "cfi": 0.23744481523698996,
        "dfsan": 2.020555340465907,
        "fuzzer": 2.382062555534651,
        "gwp_asan": 0.7023602374077551,
        "hwasan": 4.830558473334115,
        "interception": 1.7135315734828602,
        "lsan": 3.596751157926348,
        "memprof": 0.7849787205976132,
        "msan": 4.724994802140286,
        "orc": 0.8029271725731374,
        "profile": 4.62927931189932,
        "safestack": 0.2399880024415355,
        "sanitizer_common": 29.168570385983656,
        "scudo": 7.152425644531267,
        "stats": 0.0923875173690369,
        "tsan": 11.88184355588366,
        "ubsan": 2.238826065839108,
        "ubsan_minimal": 0.1541177466746154,
        "xray": 1.6118801655138928
    },
    "score.percentage": 59.83933008668425
}