{
    "directory name": "llvm-project/compiler-rt/lib",
    "score.sum": 2.343744189072014,
    "sha.latest": "bf8c7cda492f227d7e9a9fbc8e7a39adc7380a0e",
    "time.latest": 1717809454.4915318,
    "formatted_time": "2024-06-08 06:47:34.491533",
    "filescores": {
        "CMakeLists.txt": 0.9260884887729021
    },
    "subdirscores": {
        "asan": 0.3010821967641364,
        "asan_abi": 0.0010025992813162757,
        "BlocksRuntime": 0.0003172205350869223,
        "builtins": 0.12524172805516773,
        "cfi": 0.004992562318039336,
        "dfsan": 0.04248460192426104,
        "fuzzer": 0.050085725148830765,
        "gwp_asan": 0.01476796724944809,
        "hwasan": 0.10156829149957589,
        "interception": 0.036029058608850466,
        "lsan": 0.07562601137660062,
        "memprof": 0.016505120050765588,
        "msan": 0.09934868857234336,
        "orc": 0.016882507802571,
        "profile": 0.09733615547343043,
        "safestack": 0.005046035882380851,
        "sanitizer_common": 0.6133042123273704,
        "scudo": 0.1503883364217681,
        "stats": 0.0019425584736962628,
        "tsan": 0.24983002617570776,
        "ubsan": 0.047074005982385925,
        "ubsan_minimal": 0.0032405106585327984,
        "xray": 0.033891715713007566
    }
}