{
    "directory name": "llvm-project/mlir/lib/Dialect/Tensor/Transforms",
    "score.sum": 0.0006422985400364428,
    "sha.latest": "fab2bb8bfda865bd438dee981d7be7df8017b76d",
    "time.latest": 1717809524.2092948,
    "formatted_time": "2024-06-07 20:18:44.209298",
    "filescores": {
        "BufferizableOpInterfaceImpl.cpp": 0.00020520733616557438,
        "Bufferize.cpp": 8.244158404126046e-05,
        "CMakeLists.txt": 0.0001329342447259187,
        "ConcatOpPatterns.cpp": 6.099602068851199e-06,
        "EmptyOpPatterns.cpp": 1.2112903528297563e-05,
        "ExtractSliceFromReshapeUtils.cpp": 3.241727826879625e-05,
        "FoldTensorSubsetOps.cpp": 8.86664082077088e-06,
        "IndependenceTransforms.cpp": 0,
        "MergeConsecutiveInsertExtractSlicePatterns.cpp": 1.726399830284131e-05,
        "PackAndUnpackPatterns.cpp": 1.8816208538571595e-05,
        "ReshapePatterns.cpp": 1.3983147426803124e-05,
        "RewriteAsConstant.cpp": 0,
        "SubsetInsertionOpInterfaceImpl.cpp": 2.5985441701457683e-05,
        "SwapExtractSliceWithProducerPatterns.cpp": 9.42981540314306e-06
    },
    "subdirscores": {}
}