{
    "directory name": "llvm-project/lldb/include/lldb/Host",
    "score.sum": 0.0034879265408225635,
    "sha.latest": "1617c8d3b8c5fc5d1ec54e4e1b2c43679e573065",
    "time.latest": 1717848683.5798213,
    "formatted_time": "2024-06-08 17:41:23.579826",
    "filescores": {
        "Config.h.cmake": 2.4316656155082246,
        "ConnectionFileDescriptor.h": 0.3145253077681132,
        "Debug.h": 1.365878929297921,
        "Editline.h": 5.353706660568735,
        "File.h": 6.6848827177673,
        "FileAction.h": 0.17487759554169738,
        "FileCache.h": 1.1766400906125236,
        "FileSystem.h": 5.916828581835372,
        "Host.h": 7.845487507033355,
        "HostGetOpt.h": 0.6483723608538821,
        "HostInfo.h": 1.2579244056712913,
        "HostInfoBase.h": 4.0759185333332555,
        "HostNativeProcess.h": 0.3789113622786663,
        "HostNativeProcessBase.h": 1.197182966583655,
        "HostNativeThread.h": 0.4370448091804333,
        "HostNativeThreadBase.h": 1.488316432985659,
        "HostNativeThreadForward.h": 0.4813650933272502,
        "HostProcess.h": 1.2687891397458346,
        "HostThread.h": 0.9584013033787978,
        "LockFile.h": 0.35909062563306027,
        "LockFileBase.h": 0.49646001540150075,
        "LZMA.h": 0.17487759554169738,
        "MainLoop.h": 1.674846210550088,
        "MainLoopBase.h": 1.3308502827257067,
        "MonitoringProcessLauncher.h": 1.0385667526145963,
        "OptionParser.h": 0.9323176597912208,
        "Pipe.h": 0.41488691709887615,
        "PipeBase.h": 0.7240307554184505,
        "PosixApi.h": 0.5809437648533167,
        "ProcessLauncher.h": 0.5415567150201402,
        "ProcessLaunchInfo.h": 1.0867674740118702,
        "ProcessRunLock.h": 1.6562731371872494,
        "PseudoTerminal.h": 1.6013826066718548,
        "SafeMachO.h": 0.29842891668741117,
        "Socket.h": 2.7729023248524864,
        "SocketAddress.h": 1.8197328476550398,
        "StreamFile.h": 0.0,
        "Terminal.h": 2.559941316132082,
        "ThreadLauncher.h": 0.6857044774788116,
        "Time.h": 0.5071905760111715,
        "XML.h": 1.469768057334741
    },
    "subdirscores": {
        "android": 0.7946975518821715,
        "common": 7.232155128371762,
        "freebsd": 1.6848422762152038,
        "linux": 4.7552132584999445,
        "macosx": 3.989312532358987,
        "netbsd": 1.016620326236687,
        "openbsd": 0.737937701288281,
        "posix": 6.283181456509514,
        "windows": 7.322801326694107
    }
}