{
    "directory name": "llvm-project/llvm/lib/Target/SystemZ/MCTargetDesc",
    "score.sum": 0.031608205821714155,
    "sha.latest": "0768253c20402c8a7a357210923c6867efc0ef5c",
    "time.latest": 1717867434.698183,
    "formatted_time": "2024-06-08 12:23:54.698186",
    "filescores": {
        "CMakeLists.txt": 0.16728830157649546,
        "SystemZELFObjectWriter.cpp": 0.02007646631636598,
        "SystemZGOFFObjectWriter.cpp": 0.02007646631636598,
        "SystemZInstPrinter.cpp": 0.13777781581666929,
        "SystemZInstPrinter.h": 0.09911135131341492,
        "SystemZMCAsmBackend.cpp": 0.3823301288779992,
        "SystemZMCAsmInfo.cpp": 0.3936675247776484,
        "SystemZMCAsmInfo.h": 0.15400817345184323,
        "SystemZMCCodeEmitter.cpp": 0.33569707272935667,
        "SystemZMCExpr.cpp": 0.020203613815670433,
        "SystemZMCExpr.h": 0.02128761526499216,
        "SystemZMCFixups.h": 0.06273861832314795,
        "SystemZMCTargetDesc.cpp": 0.6042597971453423,
        "SystemZMCTargetDesc.h": 0.31320195986321964
    },
    "subdirscores": {}
}