{
    "directory name": "llvm-project/libc/src/search",
    "score.sum": 4.295894946755826e-05,
    "sha.latest": "330793c91d08e6ac60334e4813746db898b9407e",
    "time.latest": 1717836228.14808,
    "formatted_time": "2024-06-08 03:43:48.148084",
    "filescores": {
        "CMakeLists.txt": 15.570662150160175,
        "hcreate.cpp": 14.198676048764872,
        "hcreate.h": 0.0,
        "hcreate_r.cpp": 0.0,
        "hcreate_r.h": 0.0,
        "hdestroy.cpp": 14.198676048764872,
        "hdestroy.h": 0.0,
        "hdestroy_r.cpp": 0.0,
        "hdestroy_r.h": 0.0,
        "hsearch.cpp": 14.198676048764872,
        "hsearch.h": 0.0,
        "hsearch_r.cpp": 14.198676048764872,
        "hsearch_r.h": 0.0,
        "insque.cpp": 0.0,
        "insque.h": 0.0,
        "remque.cpp": 0.0,
        "remque.h": 0.0
    },
    "subdirscores": {
        "hsearch": 27.634633654780338
    },
    "score.percentage": 0.19229787314904723
}