{
    "directory name": "llvm-project/clang/lib",
    "score.sum": 0.20509874645963028,
    "sha.latest": "3f6bc1adf805681293c2ef0b93b708ff52244c00",
    "time.latest": 1717824005.4804783,
    "formatted_time": "2024-06-08 10:50:05.480480",
    "filescores": {
        "CMakeLists.txt": 0.00011765257094359548
    },
    "subdirscores": {
        "Analysis": 0.008132107007805537,
        "APINotes": 0.00010944249326147997,
        "ARCMigrate": 0.0009218059450331809,
        "AST": 0.030905436603048335,
        "ASTMatchers": 0.001481926349512098,
        "Basic": 0.015535181079535196,
        "CodeGen": 0.04591962375350859,
        "CrossTU": 0.00020407620516555905,
        "DirectoryWatcher": 6.811711035500214e-05,
        "Driver": 0.027243778367029074,
        "Edit": 0.00020123930262296426,
        "ExtractAPI": 0.0002931790206894526,
        "Format": 0.00855054766404031,
        "Frontend": 0.013216522450880543,
        "FrontendTool": 0.0003304793633311859,
        "Headers": 0.008242779273711887,
        "Index": 0.0012594697945402724,
        "IndexSerialization": 1.216866022567294e-05,
        "InstallAPI": 3.839102356890806e-05,
        "Interpreter": 0.0003133674697779255,
        "Lex": 0.007072973312664574,
        "Parse": 0.010266400176499576,
        "Rewrite": 0.0009694611920011356,
        "Sema": 0.050566907307252836,
        "Serialization": 0.008225146001178983,
        "StaticAnalyzer": 0.012570145288715539,
        "Support": 0.0001775565906912188,
        "Testing": 4.815510913691813e-05,
        "Tooling": 0.004798980427066575
    }
}