{
    "directory name": "llvm-project/clang/lib/Analysis/FlowSensitive",
    "score.sum": 0.00210617710356879,
    "sha.latest": "2d539db246fd9d26201255b84d04dacf2782eddf",
    "time.latest": 1717804110.4039388,
    "formatted_time": "2024-06-08 05:18:30.403941",
    "filescores": {
        "Arena.cpp": 1.9806147040903266,
        "CMakeLists.txt": 3.8727477885452397,
        "ControlFlowContext.cpp": 3.2548287330748686,
        "DataflowAnalysisContext.cpp": 10.02748057898986,
        "DataflowEnvironment.cpp": 23.22778943666289,
        "DebugSupport.cpp": 2.893458094092368,
        "Formula.cpp": 0.9578826933686979,
        "HTMLLogger.cpp": 3.45406467131924,
        "HTMLLogger.css": 1.125672580508712,
        "HTMLLogger.html": 1.2919455748730326,
        "HTMLLogger.js": 0.2896053735707121,
        "Logger.cpp": 0.5020358301468648,
        "RecordOps.cpp": 0.9964957028435979,
        "SimplifyConstraints.cpp": 0.28984161779426787,
        "Transfer.cpp": 18.122953146191577,
        "TypeErasedDataflowAnalysis.cpp": 14.377102583045906,
        "Value.cpp": 1.0181751028155896,
        "WatchedLiteralsSolver.cpp": 3.721021929591775
    },
    "subdirscores": {
        "Models": 8.596283858474447
    },
    "score.percentage": 22.16099997204082
}