{
    "directory name": "llvm-project/compiler-rt/lib/xray",
    "score.sum": 0.033891715713007566,
    "sha.latest": "3dc098d39215228ca78e99c100ed31b87e5bbdd6",
    "time.latest": 1717809454.4828064,
    "formatted_time": "2024-06-08 06:47:34.482808",
    "filescores": {
        "CMakeLists.txt": 0.4420459678010819,
        "weak_symbols.txt": 0.020130478952564906,
        "xray_AArch64.cpp": 0.04371649040481765,
        "xray_allocator.h": 0.06600861187940422,
        "xray_always_instrument.txt": 0.0,
        "xray_arm.cpp": 0.02007646631636598,
        "xray_basic_flags.cpp": 0.0,
        "xray_basic_flags.h": 0.024359873885401125,
        "xray_basic_flags.inc": 0.02007646631636598,
        "xray_basic_logging.cpp": 0.06290790758421569,
        "xray_basic_logging.h": 0.02007646631636598,
        "xray_buffer_queue.cpp": 0.02007646631636598,
        "xray_buffer_queue.h": 0.29412008804309014,
        "xray_defs.h": 0.03947715365596363,
        "xray_fdr_controller.h": 0.059564912223764185,
        "xray_fdr_flags.cpp": 0.0,
        "xray_fdr_flags.h": 0.02007646631636598,
        "xray_fdr_flags.inc": 0.020839814456813464,
        "xray_fdr_logging.cpp": 0.0475268964560131,
        "xray_fdr_logging.h": 0.03503033086424507,
        "xray_fdr_log_records.h": 0.11078463752805501,
        "xray_fdr_log_writer.h": 0.10410576244441105,
        "xray_flags.cpp": 0.0,
        "xray_flags.h": 0.044535754356565614,
        "xray_flags.inc": 0.139068865232685,
        "xray_function_call_trie.h": 0.16677809346032332,
        "xray_hexagon.cpp": 0.021524978369867342,
        "xray_init.cpp": 0.026353997787445228,
        "xray_interface.cpp": 0.1299748652994128,
        "xray_interface_internal.h": 0.10211934587504934,
        "xray_log_interface.cpp": 0.0,
        "xray_loongarch64.cpp": 0.0,
        "xray_mips.cpp": 0.02007646631636598,
        "xray_mips64.cpp": 0.02007646631636598,
        "xray_never_instrument.txt": 0.0,
        "xray_powerpc64.cpp": 0.03937049369235707,
        "xray_powerpc64.inc": 0.027717851978085312,
        "xray_profile_collector.cpp": 0.0,
        "xray_profile_collector.h": 0.03644310571014828,
        "xray_profiling.cpp": 0.03181558087661685,
        "xray_profiling_flags.cpp": 0.0,
        "xray_profiling_flags.h": 0.02007646631636598,
        "xray_profiling_flags.inc": 0.04232011739313016,
        "xray_recursion_guard.h": 0.02007646631636598,
        "xray_segmented_array.h": 0.179187659466171,
        "xray_trampoline_AArch64.S": 0.11260081794198266,
        "xray_trampoline_arm.S": 0.04535857391844928,
        "xray_trampoline_hexagon.S": 0.021524978369867342,
        "xray_trampoline_loongarch64.S": 0.0,
        "xray_trampoline_mips.S": 0.02007646631636598,
        "xray_trampoline_mips64.S": 0.02007646631636598,
        "xray_trampoline_powerpc64.cpp": 0.0,
        "xray_trampoline_powerpc64_asm.S": 0.02007646631636598,
        "xray_trampoline_x86_64.S": 0.14371803262371896,
        "xray_tsc.h": 0.0774212392880284,
        "xray_utils.cpp": 0.032071660188410435,
        "xray_utils.h": 0.1175756652610961,
        "xray_x86_64.cpp": 0.07259727884237918,
        "xray_x86_64.inc": 0.03549615947311412
    },
    "subdirscores": {
        "tests": 0.010384587541038643
    }
}