{
    "directory name": "llvm-project/compiler-rt/lib/xray",
    "score.sum": 0.0006517032986262893,
    "sha.latest": "3dc098d39215228ca78e99c100ed31b87e5bbdd6",
    "time.latest": 1717809454.4828064,
    "formatted_time": "2024-06-08 06:47:34.482808",
    "filescores": {
        "CMakeLists.txt": 0.00013430174699263835,
        "weak_symbols.txt": 6.116012107466138e-06,
        "xray_AArch64.cpp": 1.3281878947928617e-05,
        "xray_allocator.h": 2.0054638064139605e-05,
        "xray_always_instrument.txt": 0,
        "xray_arm.cpp": 6.099602068851199e-06,
        "xray_basic_flags.cpp": 0,
        "xray_basic_flags.h": 7.400980571328068e-06,
        "xray_basic_flags.inc": 6.099602068851199e-06,
        "xray_basic_logging.cpp": 1.9112586707302464e-05,
        "xray_basic_logging.h": 6.099602068851199e-06,
        "xray_buffer_queue.cpp": 6.099602068851199e-06,
        "xray_buffer_queue.h": 8.935912671324434e-05,
        "xray_defs.h": 1.199388997634413e-05,
        "xray_fdr_controller.h": 1.809692284019316e-05,
        "xray_fdr_flags.cpp": 0,
        "xray_fdr_flags.h": 6.099602068851199e-06,
        "xray_fdr_flags.inc": 6.3315213629817405e-06,
        "xray_fdr_logging.cpp": 1.443955083434463e-05,
        "xray_fdr_logging.h": 1.064286290450976e-05,
        "xray_fdr_log_records.h": 3.365842343043215e-05,
        "xray_fdr_log_writer.h": 3.162925755851852e-05,
        "xray_flags.cpp": 0,
        "xray_flags.h": 1.3530786500496447e-05,
        "xray_flags.inc": 4.225169532920161e-05,
        "xray_function_call_trie.h": 5.067027174400597e-05,
        "xray_hexagon.cpp": 6.539686841692442e-06,
        "xray_init.cpp": 8.006832322666324e-06,
        "xray_interface.cpp": 3.948876982562822e-05,
        "xray_interface_internal.h": 3.102574743750673e-05,
        "xray_log_interface.cpp": 0,
        "xray_loongarch64.cpp": 0,
        "xray_mips.cpp": 6.099602068851199e-06,
        "xray_mips64.cpp": 6.099602068851199e-06,
        "xray_never_instrument.txt": 0,
        "xray_powerpc64.cpp": 1.1961484705195996e-05,
        "xray_powerpc64.inc": 8.421196469809994e-06,
        "xray_profile_collector.cpp": 0,
        "xray_profile_collector.h": 1.107209005221092e-05,
        "xray_profiling.cpp": 9.666162355400092e-06,
        "xray_profiling_flags.cpp": 0,
        "xray_profiling_flags.h": 6.099602068851199e-06,
        "xray_profiling_flags.inc": 1.2857634981049158e-05,
        "xray_recursion_guard.h": 6.099602068851199e-06,
        "xray_segmented_array.h": 5.4440527589334193e-05,
        "xray_trampoline_AArch64.S": 3.4210212656465895e-05,
        "xray_trampoline_arm.S": 1.3780774313235463e-05,
        "xray_trampoline_hexagon.S": 6.539686841692442e-06,
        "xray_trampoline_loongarch64.S": 0,
        "xray_trampoline_mips.S": 6.099602068851199e-06,
        "xray_trampoline_mips64.S": 6.099602068851199e-06,
        "xray_trampoline_powerpc64.cpp": 0,
        "xray_trampoline_powerpc64_asm.S": 6.099602068851199e-06,
        "xray_trampoline_x86_64.S": 4.366419843557095e-05,
        "xray_tsc.h": 2.3522005510965893e-05,
        "xray_utils.cpp": 9.743963990179458e-06,
        "xray_utils.h": 3.5721663353103024e-05,
        "xray_x86_64.cpp": 2.2056397039302125e-05,
        "xray_x86_64.inc": 1.07843902580596e-05
    },
    "subdirscores": {
        "tests": 0.00019968507976038917
    }
}