{
    "directory name": "llvm-project/compiler-rt/lib/xray",
    "score.sum": 0.0011892558821507485,
    "sha.latest": "3dc098d39215228ca78e99c100ed31b87e5bbdd6",
    "time.latest": 1717809454.4828064,
    "formatted_time": "2024-06-08 06:47:34.482808",
    "filescores": {
        "CMakeLists.txt": 11.292922659314998,
        "weak_symbols.txt": 0.5142721763465603,
        "xray_AArch64.cpp": 1.1168226407178725,
        "xray_allocator.h": 1.6863181729966426,
        "xray_always_instrument.txt": 0.0,
        "xray_arm.cpp": 0.5128923186673817,
        "xray_basic_flags.cpp": 0.0,
        "xray_basic_flags.h": 0.6223202829943985,
        "xray_basic_flags.inc": 0.5128923186673817,
        "xray_basic_logging.cpp": 1.6071046604989405,
        "xray_basic_logging.h": 0.5128923186673817,
        "xray_buffer_queue.cpp": 0.5128923186673817,
        "xray_buffer_queue.h": 7.5138688027037475,
        "xray_defs.h": 1.0085205510737847,
        "xray_fdr_controller.h": 1.5217013522325566,
        "xray_fdr_flags.cpp": 0.0,
        "xray_fdr_flags.h": 0.5128923186673817,
        "xray_fdr_flags.inc": 0.5323935292656526,
        "xray_fdr_logging.cpp": 1.2141668627470614,
        "xray_fdr_logging.h": 0.8949178275462745,
        "xray_fdr_log_records.h": 2.8302086990363655,
        "xray_fdr_log_writer.h": 2.6595838652752812,
        "xray_flags.cpp": 0.0,
        "xray_flags.h": 1.1377523292990788,
        "xray_flags.inc": 3.552784221070251,
        "xray_function_call_trie.h": 4.260670264869295,
        "xray_hexagon.cpp": 0.5498973719487125,
        "xray_init.cpp": 0.673264050473823,
        "xray_interface.cpp": 3.320460333079326,
        "xray_interface_internal.h": 2.6088369965761458,
        "xray_log_interface.cpp": 0.0,
        "xray_loongarch64.cpp": 0.0,
        "xray_mips.cpp": 0.5128923186673817,
        "xray_mips64.cpp": 0.5128923186673817,
        "xray_never_instrument.txt": 0.0,
        "xray_powerpc64.cpp": 1.005795715179803,
        "xray_powerpc64.inc": 0.7081063542507277,
        "xray_profile_collector.cpp": 0.0,
        "xray_profile_collector.h": 0.931009904461203,
        "xray_profiling.cpp": 0.8127907963691554,
        "xray_profiling_flags.cpp": 0.0,
        "xray_profiling_flags.h": 0.5128923186673817,
        "xray_profiling_flags.inc": 1.0811495805088094,
        "xray_recursion_guard.h": 0.5128923186673817,
        "xray_segmented_array.h": 4.5776967267027056,
        "xray_trampoline_AArch64.S": 2.87660655456228,
        "xray_trampoline_arm.S": 1.1587728528458632,
        "xray_trampoline_hexagon.S": 0.5498973719487125,
        "xray_trampoline_loongarch64.S": 0.0,
        "xray_trampoline_mips.S": 0.5128923186673817,
        "xray_trampoline_mips64.S": 0.5128923186673817,
        "xray_trampoline_powerpc64.cpp": 0.0,
        "xray_trampoline_powerpc64_asm.S": 0.5128923186673817,
        "xray_trampoline_x86_64.S": 3.671556230321519,
        "xray_tsc.h": 1.9778759024026653,
        "xray_utils.cpp": 0.8193328396709436,
        "xray_utils.h": 3.003698690016233,
        "xray_x86_64.cpp": 1.8546384651395222,
        "xray_x86_64.inc": 0.9068183239553307
    },
    "subdirscores": {
        "tests": 16.79075821758915
    },
    "score.percentage": 1.6118801655138928
}