{
    "directory name": "llvm-project/llvm/lib/DebugInfo/PDB",
    "score.sum": 0.0019510972261386956,
    "sha.latest": "fab2bb8bfda865bd438dee981d7be7df8017b76d",
    "time.latest": 1717835814.452866,
    "formatted_time": "2024-06-08 03:36:54.452869",
    "filescores": {
        "CMakeLists.txt": 8.847459604927314,
        "GenericError.cpp": 2.085035896302047,
        "IPDBSourceFile.cpp": 0.5552716056549675,
        "PDB.cpp": 2.7243031869297165,
        "PDBContext.cpp": 2.1349208347941335,
        "PDBExtras.cpp": 4.210102622081849,
        "PDBInterfaceAnchors.cpp": 1.7638958106749723,
        "PDBSymDumper.cpp": 0.550054672195724,
        "PDBSymbol.cpp": 1.8604569995411144,
        "PDBSymbolAnnotation.cpp": 0.8050196154342677,
        "PDBSymbolBlock.cpp": 0.9083723846601363,
        "PDBSymbolCompiland.cpp": 1.719730782262683,
        "PDBSymbolCompilandDetails.cpp": 0.9083723846601363,
        "PDBSymbolCompilandEnv.cpp": 0.9557125882510354,
        "PDBSymbolCustom.cpp": 0.9219246510474455,
        "PDBSymbolData.cpp": 0.9593783224226092,
        "PDBSymbolExe.cpp": 1.2127148646940555,
        "PDBSymbolFunc.cpp": 1.9770812696989664,
        "PDBSymbolFuncDebugEnd.cpp": 0.9083723846601363,
        "PDBSymbolFuncDebugStart.cpp": 0.9083723846601363,
        "PDBSymbolLabel.cpp": 0.8057789074165159,
        "PDBSymbolPublicSymbol.cpp": 0.9090163794682335,
        "PDBSymbolThunk.cpp": 0.8063696774323446,
        "PDBSymbolTypeArray.cpp": 1.030226750817036,
        "PDBSymbolTypeBaseClass.cpp": 0.9090163794682335,
        "PDBSymbolTypeBuiltin.cpp": 0.8056636102423652,
        "PDBSymbolTypeCustom.cpp": 0.9082570874859857,
        "PDBSymbolTypeDimension.cpp": 0.9082570874859857,
        "PDBSymbolTypeEnum.cpp": 1.241368890942643,
        "PDBSymbolTypeFriend.cpp": 0.9082570874859857,
        "PDBSymbolTypeFunctionArg.cpp": 0.8056636102423652,
        "PDBSymbolTypeFunctionSig.cpp": 1.9084611321377034,
        "PDBSymbolTypeManaged.cpp": 0.9082570874859857,
        "PDBSymbolTypePointer.cpp": 0.90454537594902,
        "PDBSymbolTypeTypedef.cpp": 0.8056636102423652,
        "PDBSymbolTypeUDT.cpp": 1.3344094734762564,
        "PDBSymbolTypeVTable.cpp": 0.8056636102423652,
        "PDBSymbolTypeVTableShape.cpp": 1.2148178803047442,
        "PDBSymbolUnknown.cpp": 0.8119752260755885,
        "PDBSymbolUsingNamespace.cpp": 0.9082570874859857,
        "UDTLayout.cpp": 1.4308632278550935
    },
    "subdirscores": {
        "DIA": 9.322613894388228,
        "Native": 32.690044060315536
    }
}