{
    "directory name": "llvm-project/llvm/lib/DebugInfo/PDB",
    "score.sum": 0.06909086556787995,
    "sha.latest": "fab2bb8bfda865bd438dee981d7be7df8017b76d",
    "time.latest": 1717835814.452866,
    "formatted_time": "2024-06-08 03:36:54.452869",
    "filescores": {
        "CMakeLists.txt": 0.568176505493977,
        "GenericError.cpp": 0.133899273044506,
        "IPDBSourceFile.cpp": 0.035659081203983756,
        "PDB.cpp": 0.1749524873551031,
        "PDBContext.cpp": 0.13710284235082196,
        "PDBExtras.cpp": 0.2703692927010711,
        "PDBInterfaceAnchors.cpp": 0.1132759235438188,
        "PDBSymDumper.cpp": 0.03532405407137986,
        "PDBSymbol.cpp": 0.11947700287123994,
        "PDBSymbolAnnotation.cpp": 0.051697690905174266,
        "PDBSymbolBlock.cpp": 0.05833491988095572,
        "PDBSymbolCompiland.cpp": 0.11043968211081334,
        "PDBSymbolCompilandDetails.cpp": 0.05833491988095572,
        "PDBSymbolCompilandEnv.cpp": 0.06137506842604438,
        "PDBSymbolCustom.cpp": 0.059205235169332564,
        "PDBSymbolData.cpp": 0.06161047882910683,
        "PDBSymbolExe.cpp": 0.07787954110564492,
        "PDBSymbolFunc.cpp": 0.12696651661111286,
        "PDBSymbolFuncDebugEnd.cpp": 0.05833491988095572,
        "PDBSymbolFuncDebugStart.cpp": 0.05833491988095572,
        "PDBSymbolLabel.cpp": 0.05174645200546605,
        "PDBSymbolPublicSymbol.cpp": 0.05837627669251067,
        "PDBSymbolThunk.cpp": 0.05178439076507985,
        "PDBSymbolTypeArray.cpp": 0.06616030604080353,
        "PDBSymbolTypeBaseClass.cpp": 0.05837627669251067,
        "PDBSymbolTypeBuiltin.cpp": 0.05173904771672923,
        "PDBSymbolTypeCustom.cpp": 0.058327515592218895,
        "PDBSymbolTypeDimension.cpp": 0.058327515592218895,
        "PDBSymbolTypeEnum.cpp": 0.07971967886600138,
        "PDBSymbolTypeFriend.cpp": 0.058327515592218895,
        "PDBSymbolTypeFunctionArg.cpp": 0.05173904771672923,
        "PDBSymbolTypeFunctionSig.cpp": 0.1225597883854919,
        "PDBSymbolTypeManaged.cpp": 0.058327515592218895,
        "PDBSymbolTypePointer.cpp": 0.05808915256094827,
        "PDBSymbolTypeTypedef.cpp": 0.05173904771672923,
        "PDBSymbolTypeUDT.cpp": 0.08569466777961357,
        "PDBSymbolTypeVTable.cpp": 0.05173904771672923,
        "PDBSymbolTypeVTableShape.cpp": 0.07801459502101007,
        "PDBSymbolUnknown.cpp": 0.052144374441944676,
        "PDBSymbolUsingNamespace.cpp": 0.058327515592218895,
        "UDTLayout.cpp": 0.09188884775351493
    },
    "subdirscores": {
        "DIA": 0.009459327132771547,
        "Native": 0.03316943340723136
    }
}