{
    "directory name": "llvm-project/llvm/lib/DebugInfo/PDB",
    "score.sum": 0.001328547228969341,
    "sha.latest": "fab2bb8bfda865bd438dee981d7be7df8017b76d",
    "time.latest": 1717835814.452866,
    "formatted_time": "2024-06-08 03:36:54.452869",
    "filescores": {
        "CMakeLists.txt": 0.00017262253893547843,
        "GenericError.cpp": 4.0681077536745334e-05,
        "IPDBSourceFile.cpp": 1.0833888895469868e-05,
        "PDB.cpp": 5.315380391179379e-05,
        "PDBContext.cpp": 4.165438118792542e-05,
        "PDBExtras.cpp": 8.214319547703146e-05,
        "PDBInterfaceAnchors.cpp": 3.441532223405604e-05,
        "PDBSymDumper.cpp": 1.0732101451457066e-05,
        "PDBSymbol.cpp": 3.629932491154989e-05,
        "PDBSymbolAnnotation.cpp": 1.5706715386610392e-05,
        "PDBSymbolBlock.cpp": 1.772322840011384e-05,
        "PDBSymbolCompiland.cpp": 3.35536195897805e-05,
        "PDBSymbolCompilandDetails.cpp": 1.772322840011384e-05,
        "PDBSymbolCompilandEnv.cpp": 1.8646881799224284e-05,
        "PDBSymbolCustom.cpp": 1.798764629367556e-05,
        "PDBSymbolData.cpp": 1.871840383696348e-05,
        "PDBSymbolExe.cpp": 2.3661246086017353e-05,
        "PDBSymbolFunc.cpp": 3.8574777811604235e-05,
        "PDBSymbolFuncDebugEnd.cpp": 1.772322840011384e-05,
        "PDBSymbolFuncDebugStart.cpp": 1.772322840011384e-05,
        "PDBSymbolLabel.cpp": 1.572152991141433e-05,
        "PDBSymbolPublicSymbol.cpp": 1.7735793364951106e-05,
        "PDBSymbolThunk.cpp": 1.5733056408806022e-05,
        "PDBSymbolTypeArray.cpp": 2.0100725558130003e-05,
        "PDBSymbolTypeBaseClass.cpp": 1.7735793364951106e-05,
        "PDBSymbolTypeBuiltin.cpp": 1.571928035144766e-05,
        "PDBSymbolTypeCustom.cpp": 1.772097884014717e-05,
        "PDBSymbolTypeDimension.cpp": 1.772097884014717e-05,
        "PDBSymbolTypeEnum.cpp": 2.42203139973306e-05,
        "PDBSymbolTypeFriend.cpp": 1.772097884014717e-05,
        "PDBSymbolTypeFunctionArg.cpp": 1.571928035144766e-05,
        "PDBSymbolTypeFunctionSig.cpp": 3.7235932211073876e-05,
        "PDBSymbolTypeManaged.cpp": 1.772097884014717e-05,
        "PDBSymbolTypePointer.cpp": 1.7648559739307165e-05,
        "PDBSymbolTypeTypedef.cpp": 1.571928035144766e-05,
        "PDBSymbolTypeUDT.cpp": 2.6035626222327212e-05,
        "PDBSymbolTypeVTable.cpp": 1.571928035144766e-05,
        "PDBSymbolTypeVTableShape.cpp": 2.3702277965262767e-05,
        "PDBSymbolUnknown.cpp": 1.584242611289421e-05,
        "PDBSymbolUsingNamespace.cpp": 1.772097884014717e-05,
        "UDTLayout.cpp": 2.7917532748519332e-05
    },
    "subdirscores": {
        "DIA": 0.00018189326109702933,
        "Native": 0.0006378145428843338
    }
}