{
    "directory name": "llvm-project/openmp/docs/remarks",
    "score.sum": 3.157720173416322e-05,
    "sha.latest": "eae306f52c5966878ad55a4be21576982d37d3c9",
    "time.latest": 1717792433.0154488,
    "formatted_time": "2024-06-08 02:03:53.015452",
    "filescores": {
        "OMP100.rst": 6.099602068851199e-06,
        "OMP101.rst": 6.099602068851199e-06,
        "OMP102.rst": 6.099602068851199e-06,
        "OMP110.rst": 6.804552984674506e-06,
        "OMP111.rst": 6.804552984674506e-06,
        "OMP112.rst": 6.804552984674506e-06,
        "OMP113.rst": 6.804552984674506e-06,
        "OMP120.rst": 8.48362889406078e-06,
        "OMP121.rst": 6.297703838125358e-06,
        "OMP130.rst": 6.297703838125358e-06,
        "OMP131.rst": 6.099602068851199e-06,
        "OMP132.rst": 6.099602068851199e-06,
        "OMP133.rst": 6.099602068851199e-06,
        "OMP140.rst": 6.297703838125358e-06,
        "OMP150.rst": 6.297703838125358e-06,
        "OMP160.rst": 8.48362889406078e-06,
        "OMP170.rst": 6.297703838125358e-06,
        "OMP180.rst": 8.871000999858076e-06,
        "OMP190.rst": 0,
        "OptimizationRemarks.rst": 2.030916044038362e-05
    },
    "subdirscores": {}
}