{
    "directory name": "llvm-project/clang/cmake/caches",
    "score.sum": 0.0013873870715964505,
    "sha.latest": "b3b408bbb379a1cfdac66a71534d86c23a9cf3f1",
    "time.latest": 1717789471.5274825,
    "formatted_time": "2024-06-08 01:14:31.527489",
    "filescores": {
        "3-stage-base.cmake": 1.1503349516272767,
        "3-stage.cmake": 0.4595182659345805,
        "Android-stage2.cmake": 0.8792219331796863,
        "Android.cmake": 1.1504952666792725,
        "Apple-stage1.cmake": 1.3355384821725798,
        "Apple-stage2-ThinLTO.cmake": 0.0,
        "Apple-stage2.cmake": 5.424902930363007,
        "BaremetalARM.cmake": 1.8831659945948622,
        "BOLT-PGO.cmake": 1.2344483088364944,
        "BOLT.cmake": 2.814019954230379,
        "CrossWinToARMLinux.cmake": 5.947418556259972,
        "DistributionExample-stage2.cmake": 1.5031937454838369,
        "DistributionExample.cmake": 0.9628403501739167,
        "Fuchsia-stage2.cmake": 51.15270581280016,
        "Fuchsia.cmake": 19.95384584078223,
        "HLSL.cmake": 0.43964674269542214,
        "MultiDistributionExample.cmake": 0.43964674269542214,
        "PGO-stage2-instrumented.cmake": 0.8773725078189332,
        "PGO-stage2.cmake": 0.4430850537008216,
        "PGO.cmake": 0.9050054264857598,
        "README.txt": 0.43964674269542214,
        "Release.cmake": 0.6039463907899654,
        "VectorEngine.cmake": 0.0
    },
    "subdirscores": {},
    "score.percentage": 77.9550213847219
}