{
    "directory name": "llvm-project/lldb/source/Plugins/Process/elf-core",
    "score.sum": 0.029749442603662253,
    "sha.latest": "0123cefc00177e4fc7daa0dadf98ca8336760785",
    "time.latest": 1717874316.4634376,
    "formatted_time": "2024-06-09 00:48:36.463441",
    "filescores": {
        "CMakeLists.txt": 0.08243956465675159,
        "ProcessElfCore.cpp": 1.11437693250311,
        "ProcessElfCore.h": 0.45455963819922035,
        "RegisterContextLinuxCore_x86_64.cpp": 0.0,
        "RegisterContextLinuxCore_x86_64.h": 0.0,
        "RegisterContextPOSIXCore_arm.cpp": 0.13445269239893762,
        "RegisterContextPOSIXCore_arm.h": 0.08739053618390116,
        "RegisterContextPOSIXCore_arm64.cpp": 0.4173173420158506,
        "RegisterContextPOSIXCore_arm64.h": 0.2876596203324104,
        "RegisterContextPOSIXCore_mips64.cpp": 0.1601522522472206,
        "RegisterContextPOSIXCore_mips64.h": 0.10295715714656035,
        "RegisterContextPOSIXCore_powerpc.cpp": 0.12337557482989445,
        "RegisterContextPOSIXCore_powerpc.h": 0.07920159797594824,
        "RegisterContextPOSIXCore_ppc64le.cpp": 0.049156897348495904,
        "RegisterContextPOSIXCore_ppc64le.h": 0.030817356724973956,
        "RegisterContextPOSIXCore_s390x.cpp": 0.08980284728860768,
        "RegisterContextPOSIXCore_s390x.h": 0.05522599394526092,
        "RegisterContextPOSIXCore_x86_64.cpp": 0.13980886919504684,
        "RegisterContextPOSIXCore_x86_64.h": 0.08741700437235063,
        "RegisterUtilities.cpp": 0.08728347585620444,
        "RegisterUtilities.h": 0.22632424536606502,
        "ThreadElfCore.cpp": 0.4451588135647825,
        "ThreadElfCore.h": 0.176114836560342
    },
    "subdirscores": {}
}