{
    "directory name": "llvm-project/lldb/source/Plugins/Process/elf-core",
    "score.sum": 0.0013462177636747183,
    "sha.latest": "0123cefc00177e4fc7daa0dadf98ca8336760785",
    "time.latest": 1717874316.4634376,
    "formatted_time": "2024-06-09 00:48:36.463441",
    "filescores": {
        "CMakeLists.txt": 1.8605211073322283,
        "ProcessElfCore.cpp": 25.149596714620433,
        "ProcessElfCore.h": 10.25863982824524,
        "RegisterContextLinuxCore_x86_64.cpp": 0.0,
        "RegisterContextLinuxCore_x86_64.h": 0.0,
        "RegisterContextPOSIXCore_arm.cpp": 3.034369154997522,
        "RegisterContextPOSIXCore_arm.h": 1.9722561348813856,
        "RegisterContextPOSIXCore_arm64.cpp": 9.418144388668665,
        "RegisterContextPOSIXCore_arm64.h": 6.491989587572299,
        "RegisterContextPOSIXCore_mips64.cpp": 3.6143646188983904,
        "RegisterContextPOSIXCore_mips64.h": 2.3235683596784855,
        "RegisterContextPOSIXCore_powerpc.cpp": 2.784377404902592,
        "RegisterContextPOSIXCore_powerpc.h": 1.787445692880974,
        "RegisterContextPOSIXCore_ppc64le.cpp": 1.1093877735603759,
        "RegisterContextPOSIXCore_ppc64le.h": 0.6954954565532769,
        "RegisterContextPOSIXCore_s390x.cpp": 2.0266979037874377,
        "RegisterContextPOSIXCore_s390x.h": 1.2463569869196889,
        "RegisterContextPOSIXCore_x86_64.cpp": 3.1552489779958135,
        "RegisterContextPOSIXCore_x86_64.h": 1.9728534769887598,
        "RegisterUtilities.cpp": 1.9698399649238294,
        "RegisterUtilities.h": 5.107754236182963,
        "ThreadElfCore.cpp": 10.046479165685653,
        "ThreadElfCore.h": 3.9746130647239775
    },
    "subdirscores": {},
    "score.percentage": 4.285056443828126
}