{
    "directory name": "llvm-project/llvm/lib",
    "score.sum": 0.6785031728329005,
    "sha.latest": "4a21e3afa29521192ce686605eb945495455ca5e",
    "time.latest": 1717878199.2599695,
    "formatted_time": "2024-06-08 15:23:19.259970",
    "filescores": {
        "CMakeLists.txt": 0.00022625715891266593
    },
    "subdirscores": {
        "Analysis": 0.0495721632403133,
        "AsmParser": 0.005781816381195113,
        "BinaryFormat": 0.0004599514291095523,
        "Bitcode": 0.006199717259296299,
        "Bitstream": 5.899120049008787e-05,
        "CodeGen": 0.12524983120828342,
        "CodeGenTypes": 0,
        "DWARFLinker": 0.0006848587213240503,
        "DWP": 7.184582234803498e-05,
        "DebugInfo": 0.008673687226507076,
        "Debuginfod": 0.00011200713097197864,
        "Demangle": 0.0007597595345108966,
        "ExecutionEngine": 0.013112591989409785,
        "Extensions": 1.4350828580981675e-05,
        "FileCheck": 0.00016635526978997243,
        "Frontend": 0.0011268852152621783,
        "FuzzMutate": 0.0002936583474438701,
        "Fuzzer": 0.0025340068738613085,
        "IR": 0.01818272980468559,
        "IRPrinter": 3.8909620587619186e-05,
        "IRReader": 0.0001100114506859177,
        "InterfaceStub": 0.0001319405304861919,
        "LTO": 0.0023693865026604014,
        "LineEditor": 7.389731203389712e-05,
        "Linker": 0.0021759987179214885,
        "MC": 0.012735170598688785,
        "MCA": 0.0003008544873136979,
        "ObjCopy": 0.0002503006399895271,
        "Object": 0.006232336781592815,
        "ObjectYAML": 0.0022384596593435255,
        "Option": 0.0005503717115319098,
        "Passes": 0.004084523639208782,
        "ProfileData": 0.0029675759301145003,
        "Remarks": 0.00016889803015034574,
        "Support": 0.025797269752882157,
        "TableGen": 0.0016836917285148925,
        "Target": 0.2959387616130595,
        "TargetParser": 0.0005599800917314217,
        "Testing": 0.00013365905737269498,
        "TextAPI": 0.0004389520888358633,
        "ToolDrivers": 0.0003100908486019045,
        "Transforms": 0.14408655613874932,
        "WindowsDriver": 5.237929848077517e-05,
        "WindowsManifest": 6.901949633670918e-05,
        "XRay": 0.000231254286344306
    }
}