{
    "directory name": "llvm-project/llvm/lib/Support/Unix",
    "score.sum": 0.002020005469671364,
    "sha.latest": "ba13fa2a5d57581bff1a7e9322234af30f4882f6",
    "time.latest": 1717844379.5386868,
    "formatted_time": "2024-06-08 05:59:39.538690",
    "filescores": {
        "COM.inc": 0.7205986253730546,
        "DynamicLibrary.inc": 0.4501337272085978,
        "Memory.inc": 7.379038474390261,
        "Path.inc": 35.98864264236414,
        "Process.inc": 12.525257211985053,
        "Program.inc": 12.120797332978961,
        "README.txt": 0.0,
        "Signals.inc": 19.586572498134707,
        "Threading.inc": 7.072818228351342,
        "Unix.h": 3.373632070699279,
        "Watchdog.inc": 0.7825091885146327
    },
    "subdirscores": {}
}