{
    "directory name": "llvm-project/llvm/tools/llvm-c-test",
    "score.sum": 0.000615799339693361,
    "sha.latest": "d5c95302b9736b4e785c77463d7f2026b772ba1b",
    "time.latest": 1718078426.4200938,
    "formatted_time": "2024-06-10 23:00:26.420098",
    "filescores": {
        "CMakeLists.txt": 5.163249584962891,
        "attributes.c": 3.2267855179989007,
        "calc.c": 2.1881623384701165,
        "debuginfo.c": 10.28315129734386,
        "diagnostic.c": 1.4314403129532292,
        "disassemble.c": 1.6001265372801647,
        "echo.cpp": 33.886912809280666,
        "helpers.c": 2.205503491554548,
        "include-all.c": 7.386665250159032,
        "llvm-c-test.h": 8.049761845089344,
        "main.c": 12.002536419853197,
        "metadata.c": 4.449928824569031,
        "module.c": 3.452607739896818,
        "object.c": 3.250208128235383,
        "targets.c": 1.4229599023528277
    },
    "subdirscores": {}
}