{
    "directory name": "llvm-project/llvm/include/llvm",
    "score.sum": 0.20338580465832612,
    "sha.latest": "fab2bb8bfda865bd438dee981d7be7df8017b76d",
    "time.latest": 1717826812.4748385,
    "formatted_time": "2024-06-08 01:06:52.474839",
    "filescores": {
        "CMakeLists.txt": 0.00012577584140512,
        "InitializePasses.h": 0.0026378588606092313,
        "LinkAllIR.h": 3.814441145583633e-05,
        "LinkAllPasses.h": 0.0013279710690131676,
        "Pass.h": 0.0004256640833322902,
        "PassAnalysisSupport.h": 0.0002156199453679665,
        "PassInfo.h": 3.066842192757284e-05,
        "PassRegistry.h": 4.755878154293027e-05,
        "PassSupport.h": 0.00027593322705147996
    },
    "subdirscores": {
        "ADT": 0.013240619096334148,
        "Analysis": 0.024133483115303046,
        "AsmParser": 0.0005038584257335732,
        "BinaryFormat": 0.0019070235937045886,
        "Bitcode": 0.0018502240692593941,
        "Bitstream": 0.00013643794008890334,
        "CodeGen": 0.03940267055110604,
        "CodeGenTypes": 6.099602068851199e-06,
        "Config": 0.0014895005574184835,
        "DWARFLinker": 0.0003769367334904861,
        "DWP": 2.4019912955496586e-05,
        "DebugInfo": 0.0057204986819078905,
        "Debuginfod": 5.691220621624881e-05,
        "Demangle": 0.0008257503941415073,
        "ExecutionEngine": 0.006908500203730396,
        "FileCheck": 2.1912467615502763e-05,
        "Frontend": 0.0015136331331138833,
        "FuzzMutate": 0.00015551846625362745,
        "IR": 0.022347760560291623,
        "IRPrinter": 7.722159564232537e-06,
        "IRReader": 8.602223297921953e-05,
        "InterfaceStub": 5.174411066813053e-05,
        "LTO": 0.0010061792724492464,
        "LineEditor": 2.5587942375136213e-05,
        "Linker": 9.427122161310876e-05,
        "MC": 0.008259948989860363,
        "MCA": 0.00029778145068118475,
        "ObjCopy": 5.703463826277432e-05,
        "Object": 0.004863284906473477,
        "ObjectYAML": 0.0009963589128847137,
        "Option": 0.0005799721751937851,
        "Passes": 0.0008061381237862208,
        "ProfileData": 0.0025328340091491986,
        "Remarks": 0.00010037093083484402,
        "Support": 0.025245079721946923,
        "TableGen": 0.0009956952691217594,
        "Target": 0.013323008390306722,
        "TargetParser": 0.0005317711165506446,
        "Testing": 0.00013875391682208077,
        "TextAPI": 0.00034120338572305614,
        "ToolDrivers": 1.8718017262099356e-05,
        "Transforms": 0.018922575339071306,
        "WindowsDriver": 2.3701487492861632e-05,
        "WindowsManifest": 1.4079456367812884e-05,
        "WindowsResource": 6.099602068851199e-06,
        "XRay": 0.00010105182427142078
    }
}