{
    "directory name": "llvm-project/llvm/lib/DebugInfo/PDB/Native",
    "score.sum": 0.0014870826119891222,
    "sha.latest": "fab2bb8bfda865bd438dee981d7be7df8017b76d",
    "time.latest": 1717835383.841259,
    "formatted_time": "2024-06-08 03:29:43.841263",
    "filescores": {
        "DbiModuleDescriptor.cpp": 0.9049407831443349,
        "DbiModuleDescriptorBuilder.cpp": 4.306469898737375,
        "DbiModuleList.cpp": 1.2746352630907505,
        "DbiStream.cpp": 1.5666872135233763,
        "DbiStreamBuilder.cpp": 6.420847220213786,
        "EnumTables.cpp": 2.308479035916769,
        "FormatUtil.cpp": 0.5477289981074771,
        "GSIStreamBuilder.cpp": 5.430421629816874,
        "GlobalsStream.cpp": 2.2683257036844573,
        "Hash.cpp": 0.7758561493688976,
        "HashTable.cpp": 0.9019583379388124,
        "InfoStream.cpp": 1.5250550572431811,
        "InfoStreamBuilder.cpp": 1.8265993418912556,
        "InjectedSourceStream.cpp": 0.6654477648294,
        "InputFile.cpp": 1.851907740353974,
        "LinePrinter.cpp": 0.4306332711866522,
        "ModuleDebugStream.cpp": 1.6493324487225145,
        "NamedStreamMap.cpp": 1.6847371753729985,
        "NativeCompilandSymbol.cpp": 1.6264620579817257,
        "NativeEnumGlobals.cpp": 0.44641451389891074,
        "NativeEnumInjectedSources.cpp": 1.1239976726429006,
        "NativeEnumLineNumbers.cpp": 0.8091719478386503,
        "NativeEnumModules.cpp": 0.9903988913016467,
        "NativeEnumSymbols.cpp": 0.410172375070163,
        "NativeEnumTypes.cpp": 3.33729907141874,
        "NativeExeSymbol.cpp": 2.1393579079385994,
        "NativeFunctionSymbol.cpp": 1.2216878160398885,
        "NativeInlineSiteSymbol.cpp": 2.1483927458082843,
        "NativeLineNumber.cpp": 0.4485037182035981,
        "NativePublicSymbol.cpp": 0.8538595864142172,
        "NativeRawSymbol.cpp": 2.0983690575758542,
        "NativeSession.cpp": 6.454886233874786,
        "NativeSourceFile.cpp": 0.706285913508623,
        "NativeSymbolEnumerator.cpp": 1.0185517271065532,
        "NativeTypeArray.cpp": 1.0167370646541,
        "NativeTypeBuiltin.cpp": 0.8668199477250582,
        "NativeTypeEnum.cpp": 2.4371085780026713,
        "NativeTypeFunctionSig.cpp": 0.9649431685333152,
        "NativeTypePointer.cpp": 0.8770170259727313,
        "NativeTypeTypedef.cpp": 0.9673244479879155,
        "NativeTypeUDT.cpp": 1.8326938796440027,
        "NativeTypeVTShape.cpp": 0.8150106699126816,
        "PDBFile.cpp": 2.7211423997105975,
        "PDBFileBuilder.cpp": 6.026219902504304,
        "PDBStringTable.cpp": 0.7146696492546466,
        "PDBStringTableBuilder.cpp": 2.0672808806662424,
        "PublicsStream.cpp": 1.165563641511899,
        "RawError.cpp": 1.514426695258259,
        "SymbolCache.cpp": 4.12741104447827,
        "SymbolStream.cpp": 1.2714793425900115,
        "TpiHashing.cpp": 1.2133920901903956,
        "TpiStream.cpp": 3.5752103926172736,
        "TpiStreamBuilder.cpp": 3.6516749090196075
    },
    "subdirscores": {}
}