{
    "directory name": "llvm-project/llvm/include/llvm",
    "score.sum": 10.577043090116431,
    "sha.latest": "fab2bb8bfda865bd438dee981d7be7df8017b76d",
    "time.latest": 1717826812.4748385,
    "formatted_time": "2024-06-08 01:06:52.474839",
    "filescores": {
        "CMakeLists.txt": 0.4139834721805165,
        "InitializePasses.h": 8.682350744287664,
        "LinkAllIR.h": 0.1255499921316891,
        "LinkAllPasses.h": 4.370935371718883,
        "Pass.h": 1.401047237941712,
        "PassAnalysisSupport.h": 0.7096998331125487,
        "PassInfo.h": 0.10094323086243225,
        "PassRegistry.h": 0.15653681419153254,
        "PassSupport.h": 0.9082173026917745
    },
    "subdirscores": {
        "ADT": 0.6885760732270043,
        "Analysis": 1.255057555535786,
        "AsmParser": 0.026203069035497035,
        "BinaryFormat": 0.09917442743050547,
        "Bitcode": 0.09622057812639992,
        "Bitstream": 0.007095431138231984,
        "CodeGen": 2.049128969373473,
        "CodeGenTypes": 0.00031720873550238375,
        "Config": 0.07746121517691079,
        "DWARFLinker": 0.019602528696996708,
        "DWP": 0.0012491513592993164,
        "DebugInfo": 0.2974935303726815,
        "Debuginfod": 0.002959709299840819,
        "Demangle": 0.04294300438119491,
        "ExecutionEngine": 0.3592753410971309,
        "FileCheck": 0.0011395540341141773,
        "Frontend": 0.0787162255422337,
        "FuzzMutate": 0.00808771055402217,
        "IR": 1.1621913673419808,
        "IRPrinter": 0.00040158955339511,
        "IRReader": 0.004473571134709928,
        "InterfaceStub": 0.0026909433975296116,
        "LTO": 0.05232617654391449,
        "LineEditor": 0.0013306964541792685,
        "Linker": 0.004902558341447885,
        "MC": 0.4295571981273975,
        "MCA": 0.01548607210116487,
        "ObjCopy": 0.002966076356941421,
        "Object": 0.2529142783671507,
        "ObjectYAML": 0.051815470467603056,
        "Option": 0.030161351223103147,
        "Passes": 0.04192307170206146,
        "ProfileData": 0.131719588296187,
        "Remarks": 0.005219772649417207,
        "Support": 1.312865942050524,
        "TableGen": 0.05178095779013746,
        "Target": 0.6928607140060211,
        "TargetParser": 0.02765466362455517,
        "Testing": 0.007215873101935777,
        "TextAPI": 0.01774422221525794,
        "ToolDrivers": 0.0009734272039062054,
        "Transforms": 0.9840652108123336,
        "WindowsDriver": 0.0012325916989781936,
        "WindowsManifest": 0.0007321996583682158,
        "WindowsResource": 0.00031720873550238375,
        "XRay": 0.005255182393133335
    }
}