{
    "directory name": "llvm-project/openmp/docs/remarks",
    "score.sum": 0.00014145176277079527,
    "sha.latest": "eae306f52c5966878ad55a4be21576982d37d3c9",
    "time.latest": 1717792433.0154488,
    "formatted_time": "2024-06-08 02:03:53.015452",
    "filescores": {
        "OMP100.rst": 4.312142845992549,
        "OMP101.rst": 4.312142845992549,
        "OMP102.rst": 4.312142845992549,
        "OMP110.rst": 4.8105112664452445,
        "OMP111.rst": 4.8105112664452445,
        "OMP112.rst": 4.8105112664452445,
        "OMP113.rst": 4.8105112664452445,
        "OMP120.rst": 5.9975420085838245,
        "OMP121.rst": 4.45219183894512,
        "OMP130.rst": 4.45219183894512,
        "OMP131.rst": 4.312142845992549,
        "OMP132.rst": 4.312142845992549,
        "OMP133.rst": 4.312142845992549,
        "OMP140.rst": 4.45219183894512,
        "OMP150.rst": 4.45219183894512,
        "OMP160.rst": 5.9975420085838245,
        "OMP170.rst": 4.45219183894512,
        "OMP180.rst": 6.271396570880785,
        "OMP190.rst": 0.0,
        "OptimizationRemarks.rst": 14.357658075489699
    },
    "subdirscores": {},
    "score.percentage": 6.965440712670666
}