{
    "directory name": "llvm-project/openmp/docs/remarks",
    "score.sum": 0.0016421668364153005,
    "sha.latest": "eae306f52c5966878ad55a4be21576982d37d3c9",
    "time.latest": 1717792433.0154488,
    "formatted_time": "2024-06-08 02:03:53.015452",
    "filescores": {
        "OMP100.rst": 0.02007646631636598,
        "OMP101.rst": 0.02007646631636598,
        "OMP102.rst": 0.02007646631636598,
        "OMP110.rst": 0.022396769043734478,
        "OMP111.rst": 0.022396769043734478,
        "OMP112.rst": 0.022396769043734478,
        "OMP113.rst": 0.022396769043734478,
        "OMP120.rst": 0.027923344475525563,
        "OMP121.rst": 0.02072850614669449,
        "OMP130.rst": 0.02072850614669449,
        "OMP131.rst": 0.02007646631636598,
        "OMP132.rst": 0.02007646631636598,
        "OMP133.rst": 0.02007646631636598,
        "OMP140.rst": 0.02072850614669449,
        "OMP150.rst": 0.02072850614669449,
        "OMP160.rst": 0.027923344475525563,
        "OMP170.rst": 0.02072850614669449,
        "OMP180.rst": 0.02919835601663154,
        "OMP190.rst": 0.0,
        "OptimizationRemarks.rst": 0.06684635667910503
    },
    "subdirscores": {}
}