{
    "directory name": "llvm-project/compiler-rt/lib/gwp_asan/optional",
    "score.sum": 0.0030546509515720077,
    "sha.latest": "bc949f923ee37e6c71b69d0c0337d0e6b499832d",
    "time.latest": 1717799223.4020212,
    "formatted_time": "2024-06-08 03:57:03.402024",
    "filescores": {
        "backtrace.h": 0.031214186438217727,
        "backtrace_fuchsia.cpp": 0.028340491648267074,
        "backtrace_linux_libc.cpp": 0.07044873411285543,
        "backtrace_sanitizer_common.cpp": 0.052359021992294585,
        "options_parser.cpp": 0.029389818604812674,
        "options_parser.h": 0.021026043864860528,
        "printf.h": 0.0,
        "segv_handler.h": 0.08048042904895072,
        "segv_handler_fuchsia.cpp": 0.06178013915281822,
        "segv_handler_posix.cpp": 0.1198167700093054
    },
    "subdirscores": {}
}