{
    "directory name": "llvm-project/mlir/lib",
    "score.sum": 2.368422917222783,
    "sha.latest": "fab2bb8bfda865bd438dee981d7be7df8017b76d",
    "time.latest": 1717813252.3680413,
    "formatted_time": "2024-06-07 21:20:52.368042",
    "filescores": {
        "CMakeLists.txt": 0.20302399917456262
    },
    "subdirscores": {
        "Analysis": 0.11173062227138184,
        "AsmParser": 0.01001546623489421,
        "Bindings": 0.052411373950246816,
        "Bytecode": 0.009721823890715657,
        "CAPI": 0.041651699452413496,
        "Conversion": 0.37909864283408007,
        "Debug": 0.001472523628761777,
        "Dialect": 1.5251252371246753,
        "ExecutionEngine": 0.0968333211408371,
        "IR": 0.17035268134607662,
        "Interfaces": 0.041242069279510185,
        "Parser": 0.041067991571321336,
        "Pass": 0.0295950400985571,
        "Query": 0.002530182647733667,
        "Reducer": 0.004127868287700687,
        "Rewrite": 0.010547643169867067,
        "Support": 0.017702033936865084,
        "TableGen": 0.041394858112181056,
        "Target": 0.1728372665768815,
        "Tools": 0.03401425252502548,
        "Transforms": 0.12573381735257094
    }
}