{
    "directory name": "llvm-project/cross-project-tests/debuginfo-tests/dexter/feature_tests/commands/penalty",
    "score.sum": 0.001935153373173905,
    "sha.latest": "45a40c163932d12b72b33bd1d8a84519392b5d39",
    "time.latest": 1717790424.7853253,
    "formatted_time": "2024-06-08 01:30:24.785331",
    "filescores": {
        "dex_declare_file.cpp": 0.09953147435827442,
        "expect_program_state.cpp": 0.09953147435827442,
        "expect_step_kinds.cpp": 0.09953147435827442,
        "expect_step_order.cpp": 0.09953147435827442,
        "expect_watch_type.cpp": 0.09953147435827442,
        "expect_watch_value.cpp": 0.09953147435827442,
        "float_range_out_range.cpp": 0.09886946547948976,
        "float_range_zero_nonmatch.cpp": 0.09886946547948976,
        "missing_dex_address.cpp": 0.10106888165057057,
        "unreachable.cpp": 0.09953147435827442,
        "unreachable_line_range.cpp": 0.0992549813107134,
        "unreachable_on_line.cpp": 0.0992549813107134
    },
    "subdirscores": {}
}