{
    "directory name": "llvm-project/cross-project-tests/debuginfo-tests/dexter/feature_tests/commands/penalty",
    "score.sum": 3.7211035502731993e-05,
    "sha.latest": "45a40c163932d12b72b33bd1d8a84519392b5d39",
    "time.latest": 1717790424.7853253,
    "formatted_time": "2024-06-08 01:30:24.785331",
    "filescores": {
        "dex_declare_file.cpp": 3.023950417094275e-05,
        "expect_program_state.cpp": 3.023950417094275e-05,
        "expect_step_kinds.cpp": 3.023950417094275e-05,
        "expect_step_order.cpp": 3.023950417094275e-05,
        "expect_watch_type.cpp": 3.023950417094275e-05,
        "expect_watch_value.cpp": 3.023950417094275e-05,
        "float_range_out_range.cpp": 3.0038373620227207e-05,
        "float_range_zero_nonmatch.cpp": 3.0038373620227207e-05,
        "missing_dex_address.cpp": 3.0706596962721165e-05,
        "unreachable.cpp": 3.023950417094275e-05,
        "unreachable_line_range.cpp": 3.0155500465392674e-05,
        "unreachable_on_line.cpp": 3.0155500465392674e-05
    },
    "subdirscores": {}
}