{
    "directory name": "llvm-project/cross-project-tests/debuginfo-tests/dexter/feature_tests/commands/penalty",
    "score.sum": 0.00036277087433056015,
    "sha.latest": "45a40c163932d12b72b33bd1d8a84519392b5d39",
    "time.latest": 1717790424.7853253,
    "formatted_time": "2024-06-08 01:30:24.785331",
    "filescores": {
        "dex_declare_file.cpp": 8.335703417961895,
        "expect_program_state.cpp": 8.335703417961895,
        "expect_step_kinds.cpp": 8.335703417961895,
        "expect_step_order.cpp": 8.335703417961895,
        "expect_watch_type.cpp": 8.335703417961895,
        "expect_watch_value.cpp": 8.335703417961895,
        "float_range_out_range.cpp": 8.280260557206686,
        "float_range_zero_nonmatch.cpp": 8.280260557206686,
        "missing_dex_address.cpp": 8.464460389601463,
        "unreachable.cpp": 8.335703417961895,
        "unreachable_line_range.cpp": 8.312547285125957,
        "unreachable_on_line.cpp": 8.312547285125957
    },
    "subdirscores": {},
    "score.percentage": 34.61337314524884
}