{
    "directory name": "llvm-project/cross-project-tests/debuginfo-tests/dexter/dex/utils",
    "score.sum": 0.0024858289442393974,
    "sha.latest": "45a40c163932d12b72b33bd1d8a84519392b5d39",
    "time.latest": 1717790120.1696174,
    "formatted_time": "2024-06-08 01:25:20.169624",
    "filescores": {
        "Environment.py": 0.02007646631636598,
        "Exceptions.py": 0.030177004209424305,
        "ExtArgParse.py": 0.02007646631636598,
        "Logging.py": 0.02007646631636598,
        "PrettyOutputBase.py": 0.02007646631636598,
        "ReturnCode.py": 0.02007646631636598,
        "RootDirectory.py": 0.02007646631636598,
        "Timeout.py": 0.02007646631636598,
        "Timer.py": 0.02007646631636598,
        "UnitTests.py": 0.02007646631636598,
        "Version.py": 0.02007646631636598,
        "WorkingDirectory.py": 0.038116940686409514,
        "__init__.py": 0.02007646631636598
    },
    "subdirscores": {
        "posix": 0.00031720873550238375,
        "windows": 0.0018484998123527447
    }
}