{
    "directory name": "llvm-project/cross-project-tests/debuginfo-tests/dexter/dex/utils",
    "score.sum": 0.00012948896482802648,
    "sha.latest": "45a40c163932d12b72b33bd1d8a84519392b5d39",
    "time.latest": 1717790120.1696174,
    "formatted_time": "2024-06-08 01:25:20.169624",
    "filescores": {
        "Environment.py": 4.710518828343438,
        "Exceptions.py": 7.080396732746476,
        "ExtArgParse.py": 4.710518828343438,
        "Logging.py": 4.710518828343438,
        "PrettyOutputBase.py": 4.710518828343438,
        "ReturnCode.py": 4.710518828343438,
        "RootDirectory.py": 4.710518828343438,
        "Timeout.py": 4.710518828343438,
        "Timer.py": 4.710518828343438,
        "UnitTests.py": 4.710518828343438,
        "Version.py": 4.710518828343438,
        "WorkingDirectory.py": 8.943335144383232,
        "__init__.py": 4.710518828343438
    },
    "subdirscores": {
        "posix": 4.710518828343438,
        "windows": 27.45004218274903
    },
    "score.percentage": 15.50360422299476
}