{
    "directory name": "llvm-project/clang/include/clang/Lex",
    "score.sum": 0.004161525646160042,
    "sha.latest": "da95d926f6fce4ed9707c77908ad96624268f134",
    "time.latest": 1717800516.2620752,
    "formatted_time": "2024-06-08 04:18:36.262078",
    "filescores": {
        "CodeCompletionHandler.h": 4.54300754201589e-05,
        "DependencyDirectivesScanner.h": 9.14536079680984e-06,
        "DirectoryLookup.h": 0.000155800823667994,
        "ExternalPreprocessorSource.h": 4.497006906852082e-05,
        "HeaderMap.h": 0.0001087138021989839,
        "HeaderMapTypes.h": 6.099602068851199e-06,
        "HeaderSearch.h": 0.0007435842561666573,
        "HeaderSearchOptions.h": 0.0001740129556664069,
        "LexDiagnostic.h": 2.636017643219557e-05,
        "Lexer.h": 0.00034288242914754,
        "LiteralSupport.h": 0.0002038871993500625,
        "MacroArgs.h": 4.647680492982774e-05,
        "MacroInfo.h": 0.0002321975826725584,
        "ModuleLoader.h": 5.975688440005769e-05,
        "ModuleMap.h": 0.00048090717312375614,
        "MultipleIncludeOpt.h": 4.0726827950229795e-05,
        "PPCallbacks.h": 0.00029247906702221954,
        "PPConditionalDirectiveRecord.h": 2.246129548694154e-05,
        "Pragma.h": 7.148103714948165e-05,
        "PreprocessingRecord.h": 0.00018989412872681116,
        "Preprocessor.h": 0.001511384729454332,
        "PreprocessorLexer.h": 0.00010094843437513049,
        "PreprocessorOptions.h": 0.0001720252997833284,
        "ScratchBuffer.h": 1.5704136713716537e-05,
        "Token.h": 0.00014270010438491851,
        "TokenConcatenation.h": 3.1567186651388245e-05,
        "TokenLexer.h": 0.0001045516137232786,
        "VariadicMacroSupport.h": 1.5352219381014668e-05
    },
    "subdirscores": {}
}