{
    "directory name": "llvm-project/llvm/lib/XRay",
    "score.sum": 0.0003740328241991996,
    "sha.latest": "3edf82d5566ed5c9898f52b5591c05f6366d6bac",
    "time.latest": 1717878199.2587817,
    "formatted_time": "2024-06-08 15:23:19.258785",
    "filescores": {
        "BlockIndexer.cpp": 2.5300751399559127,
        "BlockPrinter.cpp": 2.346073414435037,
        "BlockVerifier.cpp": 1.80221037356358,
        "CMakeLists.txt": 10.411198788092973,
        "FDRRecordProducer.cpp": 7.64027675316763,
        "FDRRecords.cpp": 3.2361129034773493,
        "FDRTraceExpander.cpp": 2.786030294070967,
        "FDRTraceWriter.cpp": 3.506390722994092,
        "FileHeaderReader.cpp": 5.224400424318845,
        "InstrumentationMap.cpp": 27.485397692459145,
        "LogBuilderConsumer.cpp": 1.6307665194653393,
        "Profile.cpp": 7.198786390084313,
        "RecordInitializer.cpp": 3.6173184424714835,
        "RecordPrinter.cpp": 4.575711469355208,
        "Trace.cpp": 16.00925067208811
    },
    "subdirscores": {},
    "score.percentage": 0.031377287734482756
}