{
    "directory_name": "llvm-project",
    "score.sum": 1.7136231853480717,
    "sha.latest": "ec6a56307d2afdaa336786ad4c87410e3987499d",
    "time.latest": 1718085889.8128564,
    "formatted_time": "2024-06-11 11:34:49.812872",
    "filescores": {
        ".clang-format": 0.000711741145669612,
        ".clang-tidy": 0.001757972955211087,
        ".mailmap": 0.003411488228756074,
        "CODE_OF_CONDUCT.md": 0.0,
        "CONTRIBUTING.md": 0.0008677301964270988,
        "LICENSE.TXT": 0.0,
        "pyproject.toml": 0.0,
        "README.md": 0.0063341484940024565,
        "SECURITY.md": 0.0
    },
    "subdirscores": {
        ".ci": 0.0038580814650647226,
        "bolt": 0.16600259857337327,
        "clang": 17.51439092925583,
        "clang-tools-extra": 2.0018417810541407,
        "cmake": 0.0075137582049160795,
        "compiler-rt": 3.6399860749348214,
        "cross-project-tests": 0.015968903178248228,
        "flang": 1.6226319231019224,
        "libc": 0.6603513814972383,
        "libclc": 0.08951645858701687,
        "libcxx": 2.5852270357286558,
        "libcxxabi": 0.25944538584488747,
        "libunwind": 0.13651354291474363,
        "lld": 2.8065716704675,
        "lldb": 5.016283971175135,
        "llvm": 58.04721522700086,
        "llvm-libgcc": 0.003937413332241524,
        "mlir": 3.511318858907368,
        "openmp": 0.7708879406697366,
        "polly": 0.6186080489696423,
        "pstl": 0.013762649821078356,
        "runtimes": 0.01657831968779957,
        "third-party": 0.007160215363691455,
        "utils": 0.47090581189990627
    }
}