{
    "directory_name": "llvm-project",
    "score.sum": 1.9228985163951644,
    "sha.latest": "ec6a56307d2afdaa336786ad4c87410e3987499d",
    "time.latest": 1718085889.8128564,
    "formatted_time": "2024-06-11 11:34:49.812872",
    "filescores": {
        ".clang-format": 1.2196561291856465e-05,
        ".clang-tidy": 3.012503215264586e-05,
        ".mailmap": 5.846005325338435e-05,
        "CODE_OF_CONDUCT.md": 0,
        "CONTRIBUTING.md": 1.486962583224113e-05,
        "LICENSE.TXT": 0,
        "pyproject.toml": 0,
        "README.md": 0.0001085434371876018,
        "SECURITY.md": 0
    },
    "subdirscores": {
        ".churn1": 7.521732097827548e-06,
        ".ci": 6.611297849496566e-05,
        "bolt": 0.0028446590174336112,
        "clang": 0.30013066373622743,
        "clang-tools-extra": 0.03430402489412854,
        "cmake": 0.000128757502690435,
        "compiler-rt": 0.06237564532352434,
        "cross-project-tests": 0.00027364682730824676,
        "flang": 0.027805796847133836,
        "libc": 0.011315934378102972,
        "libclc": 0.001533974789049626,
        "libcxx": 0.04430104987813292,
        "libcxxabi": 0.004445916285153755,
        "libunwind": 0.0023393277225271366,
        "lld": 0.04809406285854176,
        "lldb": 0.08596020517295609,
        "llvm": 0.994710538578783,
        "llvm-libgcc": 6.747242776427686e-05,
        "mlir": 0.06017077407773601,
        "openmp": 0.013210114484368894,
        "polly": 0.010600610953573144,
        "pstl": 0.00023583995825226365,
        "runtimes": 0.0002840899299112575,
        "third-party": 0.00012269911059307152,
        "utils": 0.008069551173868372
    }
}