{
    "directory name": "llvm-project/llvm/tools/llvm-objdump",
    "score.sum": 0.18771546775606757,
    "sha.latest": "9ca8db352d22444feabd859380252f13826a8aff",
    "time.latest": 1718081839.267555,
    "formatted_time": "2024-06-10 23:57:19.267558",
    "filescores": {
        "CMakeLists.txt": 0.42439717936913507,
        "COFFDump.cpp": 0.8557650669062169,
        "COFFDump.h": 0.050002691029376385,
        "ELFDump.cpp": 0.7330610641029007,
        "ELFDump.h": 0.02007646631636598,
        "MachODump.cpp": 3.7101479488750817,
        "MachODump.h": 0.1222685936472878,
        "ObjdumpOptID.h": 0.02020783635853442,
        "ObjdumpOpts.td": 0.21086812050672119,
        "OffloadDump.cpp": 0.042139042279002586,
        "OffloadDump.h": 0.0,
        "OtoolOpts.td": 0.05284904203177936,
        "SourcePrinter.cpp": 0.16055995544305196,
        "SourcePrinter.h": 0.14375195937018304,
        "WasmDump.cpp": 0.11035374875256844,
        "WasmDump.h": 0.0,
        "XCOFFDump.cpp": 0.26083151193675524,
        "XCOFFDump.h": 0.07256205856502186,
        "llvm-objdump.cpp": 7.608809489002555,
        "llvm-objdump.h": 1.2611017865440637
    },
    "subdirscores": {}
}