{
    "directory name": "llvm-project/third-party/benchmark/docs",
    "score.sum": 0.0009701285243018527,
    "sha.latest": "a5b797172cc902db166e9a695716fb81405f86e4",
    "time.latest": 1717788660.6420462,
    "formatted_time": "2024-06-07 14:31:00.642050",
    "filescores": {
        "AssemblyTests.md": 0.06074663779480249,
        "_config.yml": 0.06140042962513437,
        "dependencies.md": 0.06022751969914274,
        "index.md": 0.06022751969914274,
        "perf_counters.md": 0.06074663779480249,
        "platform_specific_build_instructions.md": 0.0,
        "python_bindings.md": 0.0,
        "random_interleaving.md": 0.0204221806543733,
        "reducing_variance.md": 0.0,
        "releasing.md": 0.06140042962513437,
        "tools.md": 0.06074663779480249,
        "user_guide.md": 0.06022751969914274
    },
    "subdirscores": {
        "assets": 0.0
    }
}