{
    "directory name": "llvm-project/mlir/lib",
    "score.sum": 0.05619505930164752,
    "sha.latest": "fab2bb8bfda865bd438dee981d7be7df8017b76d",
    "time.latest": 1717813252.3680413,
    "formatted_time": "2024-06-07 21:20:52.368042",
    "filescores": {
        "CMakeLists.txt": 0.10976489669014651
    },
    "subdirscores": {
        "Analysis": 3.823230199798896,
        "AsmParser": 0.3427120711930509,
        "Bindings": 1.7934272952748191,
        "Bytecode": 0.332664133972435,
        "CAPI": 1.4252496941494472,
        "Conversion": 12.972105144690202,
        "Debug": 0.05038723219248975,
        "Dialect": 52.187168982983565,
        "ExecutionEngine": 3.313470114157761,
        "IR": 5.829176484465517,
        "Interfaces": 1.411232852428215,
        "Parser": 1.405276211916155,
        "Pass": 1.0126914964658185,
        "Query": 0.08657850921412262,
        "Reducer": 0.14124857069172247,
        "Rewrite": 0.36092225286090845,
        "Support": 0.6057332302410572,
        "TableGen": 1.4164610241450115,
        "Target": 5.914194728303049,
        "Tools": 1.1639093637319897,
        "Transforms": 4.302395510433618
    }
}