{
    "directory name": "llvm-project/llvm/include/llvm/DebugInfo/PDB/Native",
    "score.sum": 0.00034072128971001465,
    "sha.latest": "ab20f23e7e65c7b19469e7d6e438ea14e22b9fff",
    "time.latest": 1717814037.5889938,
    "formatted_time": "2024-06-07 21:33:57.588997",
    "filescores": {
        "DbiModuleDescriptor.h": 2.5513134853360152e-05,
        "DbiModuleDescriptorBuilder.h": 4.466788230530023e-05,
        "DbiModuleList.h": 1.909625143655016e-05,
        "DbiStream.h": 2.3897414635304513e-05,
        "DbiStreamBuilder.h": 3.58408313322215e-05,
        "EnumTables.h": 1.3254886115062171e-05,
        "FormatUtil.h": 1.2354632247408345e-05,
        "GSIStreamBuilder.h": 2.5769699498692998e-05,
        "GlobalsStream.h": 2.2577667319311067e-05,
        "Hash.h": 7.41508444758024e-06,
        "HashTable.h": 5.957349352726443e-05,
        "ISectionContribVisitor.h": 9.096753669803972e-06,
        "InfoStream.h": 2.0557931293381947e-05,
        "InfoStreamBuilder.h": 2.682845232132863e-05,
        "InjectedSourceStream.h": 1.3218481227383364e-05,
        "InputFile.h": 1.2069743062111703e-05,
        "LinePrinter.h": 9.963801711456685e-06,
        "ModuleDebugStream.h": 1.8616886143510268e-05,
        "NamedStreamMap.h": 2.1091342483847595e-05,
        "NativeCompilandSymbol.h": 2.86526139698479e-05,
        "NativeEnumGlobals.h": 6.638552613586465e-06,
        "NativeEnumInjectedSources.h": 6.099602068851199e-06,
        "NativeEnumLineNumbers.h": 1.2033055337402258e-05,
        "NativeEnumModules.h": 1.6754080049343828e-05,
        "NativeEnumSymbols.h": 6.099602068851199e-06,
        "NativeEnumTypes.h": 1.4043769995259067e-05,
        "NativeExeSymbol.h": 1.5094124146114241e-05,
        "NativeFunctionSymbol.h": 8.513341820272989e-06,
        "NativeInlineSiteSymbol.h": 1.19794204264915e-05,
        "NativeLineNumber.h": 1.1397794297193381e-05,
        "NativePublicSymbol.h": 6.749233488552572e-06,
        "NativeRawSymbol.h": 4.820292334482682e-05,
        "NativeSession.h": 5.7677386573991314e-05,
        "NativeSourceFile.h": 6.099602068851199e-06,
        "NativeSymbolEnumerator.h": 1.0945319352915233e-05,
        "NativeTypeArray.h": 6.099602068851199e-06,
        "NativeTypeBuiltin.h": 7.39346794397911e-06,
        "NativeTypeEnum.h": 1.1871698161447398e-05,
        "NativeTypeFunctionSig.h": 1.882146619571575e-05,
        "NativeTypePointer.h": 1.3904138938653267e-05,
        "NativeTypeTypedef.h": 1.9228706555521857e-05,
        "NativeTypeUDT.h": 1.3564267531360913e-05,
        "NativeTypeVTShape.h": 1.4508593112146017e-05,
        "PDBFile.h": 2.9825800395545265e-05,
        "PDBFileBuilder.h": 4.6238187030594097e-05,
        "PDBStringTable.h": 1.8263063242750735e-05,
        "PDBStringTableBuilder.h": 2.422441891322978e-05,
        "PublicsStream.h": 1.8181097931627418e-05,
        "RawConstants.h": 2.025367223005896e-05,
        "RawError.h": 1.6880344392705605e-05,
        "RawTypes.h": 3.607766915306383e-05,
        "SymbolCache.h": 2.7802091712711917e-05,
        "SymbolStream.h": 1.5342822426991276e-05,
        "TpiHashing.h": 1.5988242802940527e-05,
        "TpiStream.h": 2.5881160328960088e-05,
        "TpiStreamBuilder.h": 3.112646949974603e-05
    },
    "subdirscores": {}
}