{
    "directory name": "llvm-project/mlir/examples/toy/Ch6/include/toy",
    "score.sum": 0.00948375661824295,
    "sha.latest": "34a35a8b244243f5a4ad5d531007bccfeaa0b02e",
    "time.latest": 1717789727.5991323,
    "formatted_time": "2024-06-07 14:48:47.599136",
    "filescores": {
        "AST.h": 0.13757817708155606,
        "CMakeLists.txt": 0.059927108909451625,
        "Dialect.h": 0.13714733856857916,
        "Lexer.h": 0.024674104005162612,
        "MLIRGen.h": 0.04376495097868315,
        "Ops.td": 0.31783421001436585,
        "Parser.h": 0.08445837200789721,
        "Passes.h": 0.07753719997760997,
        "ShapeInferenceInterface.h": 0.02437130816027905,
        "ShapeInferenceInterface.td": 0.044328625325880375
    },
    "subdirscores": {}
}