{
    "directory name": "llvm-project/compiler-rt/lib/asan",
    "score.sum": 0.3010821967641364,
    "sha.latest": "64790064e82467b43c04a70b6e9873e6939be81f",
    "time.latest": 1717790871.5792093,
    "formatted_time": "2024-06-08 01:37:51.579216",
    "filescores": {
        ".clang-format": 0.07676323872647654,
        "asan.syms.extra": 0.020989917020989755,
        "asan_activation.cpp": 0.02007646631636598,
        "asan_activation.h": 0.023779975683092112,
        "asan_activation_flags.inc": 0.059177915580265576,
        "asan_allocator.cpp": 0.6954904632158466,
        "asan_allocator.h": 0.8233323822898259,
        "asan_debugging.cpp": 0.03953203298311453,
        "asan_descriptions.cpp": 0.13609550198923523,
        "asan_descriptions.h": 0.12744824811094257,
        "asan_errors.cpp": 0.13295674405342672,
        "asan_errors.h": 0.2212675766233383,
        "asan_fake_stack.cpp": 0.14923443717314808,
        "asan_fake_stack.h": 0.10044866635657357,
        "asan_flags.cpp": 0.058144627127050305,
        "asan_flags.h": 0.21845286835357292,
        "asan_flags.inc": 0.3252708304136843,
        "asan_fuchsia.cpp": 0.11061384373424477,
        "asan_globals.cpp": 0.2578822749108742,
        "asan_globals_win.cpp": 0.02007646631636598,
        "asan_ignorelist.txt": 0.0,
        "asan_init_version.h": 0.08584482896762881,
        "asan_interceptors.cpp": 0.818936428013438,
        "asan_interceptors.h": 0.7307405932192648,
        "asan_interceptors_memintrinsics.cpp": 0.19140944821074984,
        "asan_interceptors_memintrinsics.h": 0.14307044569488855,
        "asan_interceptors_vfork.S": 0.029513472926724127,
        "asan_interface.inc": 0.37502913707698254,
        "asan_interface_internal.h": 0.40563215079712855,
        "asan_internal.h": 0.6905518029449036,
        "asan_linux.cpp": 0.18901884432661906,
        "asan_mac.cpp": 0.16755107505710176,
        "asan_malloc_linux.cpp": 0.10903719119009271,
        "asan_malloc_mac.cpp": 0.07259602990932415,
        "asan_malloc_win.cpp": 0.03989245852765658,
        "asan_mapping.h": 0.9022476823643572,
        "asan_mapping_sparc64.h": 0.0513513368863078,
        "asan_memory_profile.cpp": 0.0801840059797332,
        "asan_new_delete.cpp": 0.05813567958635197,
        "asan_poisoning.cpp": 0.36181447835288466,
        "asan_poisoning.h": 0.14558546796588442,
        "asan_posix.cpp": 0.19241621750177051,
        "asan_preinit.cpp": 0.0,
        "asan_premap_shadow.cpp": 0.028257222581574048,
        "asan_premap_shadow.h": 0.021096152158394704,
        "asan_report.cpp": 0.11650418872329095,
        "asan_report.h": 0.286988320178148,
        "asan_rtl.cpp": 0.6220364166009191,
        "asan_rtl_static.cpp": 0.026506729969182144,
        "asan_rtl_x86_64.S": 0.07225198636795875,
        "asan_scariness_score.h": 0.04877792652569111,
        "asan_shadow_setup.cpp": 0.07302458693796862,
        "asan_stack.cpp": 0.028455207461397118,
        "asan_stack.h": 0.29043804637567205,
        "asan_stats.cpp": 0.04146201869073083,
        "asan_stats.h": 0.09063010740691248,
        "asan_suppressions.cpp": 0.020589997335355454,
        "asan_suppressions.h": 0.03881797671580136,
        "asan_thread.cpp": 0.6605829287757498,
        "asan_thread.h": 0.5807456683353511,
        "asan_win.cpp": 0.2422278669169487,
        "asan_win_dll_thunk.cpp": 0.03270529598420688,
        "asan_win_dynamic_runtime_thunk.cpp": 0.02007646631636598,
        "asan_win_weak_interception.cpp": 0.0,
        "CMakeLists.txt": 1.654135031211645,
        "README.txt": 0.08918889951928151,
        "weak_symbols.txt": 0.08250153153547703
    },
    "subdirscores": {
        "scripts": 0.014757026224505875,
        "tests": 0.04717072823004185
    }
}