{
    "directory name": "llvm-project/libcxx/cmake/caches",
    "score.sum": 0.02377967832621172,
    "sha.latest": "5e6f50eaa9510366352dde60b48bf7c3169762ea",
    "time.latest": 1717823809.8281596,
    "formatted_time": "2024-06-08 10:46:49.828163",
    "filescores": {
        "AArch64.cmake": 0.026907929261277254,
        "AIX.cmake": 0.08526729824854651,
        "AndroidNDK.cmake": 0.03301693064236003,
        "Apple.cmake": 0.31728086666082933,
        "Armv7Arm.cmake": 0.03334594055670674,
        "Armv7M-picolibc.cmake": 0.04762774337279942,
        "Armv7Thumb-no-exceptions.cmake": 0.02007646631636598,
        "Armv8Arm.cmake": 0.03334594055670674,
        "Armv8Thumb-no-exceptions.cmake": 0.02007646631636598,
        "FreeBSD.cmake": 0.02007646631636598,
        "Generic-abi-unstable.cmake": 0.0,
        "Generic-asan.cmake": 0.030651695561193584,
        "Generic-cxx03.cmake": 0.02007646631636598,
        "Generic-cxx11.cmake": 0.02007646631636598,
        "Generic-cxx14.cmake": 0.02007646631636598,
        "Generic-cxx17.cmake": 0.02007646631636598,
        "Generic-cxx20.cmake": 0.021799148657523065,
        "Generic-cxx23.cmake": 0.02007646631636598,
        "Generic-cxx26.cmake": 0.0872542091946347,
        "Generic-hardening-mode-debug.cmake": 0.0,
        "Generic-hardening-mode-extensive.cmake": 0.07848540290998852,
        "Generic-hardening-mode-fast-with-abi-breaks.cmake": 0.0,
        "Generic-hardening-mode-fast.cmake": 0.0,
        "Generic-merged.cmake": 0.02007646631636598,
        "Generic-modules-lsv.cmake": 0.03174723698204144,
        "Generic-modules.cmake": 0.02007646631636598,
        "Generic-msan.cmake": 0.02007646631636598,
        "Generic-no-exceptions.cmake": 0.08872351670391894,
        "Generic-no-experimental.cmake": 0.11472133752403561,
        "Generic-no-filesystem.cmake": 0.0974827386732083,
        "Generic-no-localization.cmake": 0.09768904641625342,
        "Generic-no-random_device.cmake": 0.09771641498196018,
        "Generic-no-rtti.cmake": 0.0,
        "Generic-no-threads.cmake": 0.09514264523938609,
        "Generic-no-tzdb.cmake": 0.07435852261822766,
        "Generic-no-unicode.cmake": 0.09672334546819046,
        "Generic-no-wide-characters.cmake": 0.09689227193645092,
        "Generic-optimized-speed.cmake": 0.0,
        "Generic-static.cmake": 0.02007646631636598,
        "Generic-tsan.cmake": 0.02007646631636598,
        "Generic-ubsan.cmake": 0.0,
        "MinGW.cmake": 0.03856272858820913,
        "README.md": 0.0,
        "s390x-ibm-zos-ascii.cmake": 0.0,
        "s390x-ibm-zos.cmake": 0.0,
        "s390x32-ibm-zos-ascii.cmake": 0.0,
        "s390x32-ibm-zos.cmake": 0.0
    },
    "subdirscores": {}
}