{
    "directory name": "llvm-project/llvm/include/llvm/Transforms",
    "score.sum": 0.9840652108123336,
    "sha.latest": "a6a6fca7911feab8325129ea57247303b3c8d558",
    "time.latest": 1717826494.5229127,
    "formatted_time": "2024-06-08 01:01:34.522913",
    "filescores": {
        "CFGuard.h": 0.02007646631636598,
        "IPO.h": 1.9844735721980855,
        "Instrumentation.h": 2.276586939419799,
        "ObjCARC.h": 0.1371355139037943,
        "Scalar.h": 4.4075452127850605,
        "Utils.h": 0.3938449372712388
    },
    "subdirscores": {
        "AggressiveInstCombine": 0.001759905258696248,
        "Coroutines": 0.002284632138809418,
        "HipStdPar": 0.0003379942388359531,
        "IPO": 0.2520742725902628,
        "InstCombine": 0.016595173234142394,
        "Instrumentation": 0.05285848139586264,
        "Scalar": 0.14432555821387716,
        "Utils": 0.41481017481271326,
        "Vectorize": 0.02648103068658292
    }
}