{
    "directory name": "llvm-project/clang-tools-extra/clang-tidy/performance",
    "score.sum": 0.00047093437712541797,
    "sha.latest": "94ca854d3c874322b1d4b5606c5762adcd3b8e05",
    "time.latest": 1717799188.5715575,
    "formatted_time": "2024-06-08 03:56:28.571560",
    "filescores": {
        "AvoidEndlCheck.cpp": 0,
        "AvoidEndlCheck.h": 0,
        "CMakeLists.txt": 6.007706736842901e-05,
        "EnumSizeCheck.cpp": 6.099602068851199e-06,
        "EnumSizeCheck.h": 0,
        "FasterStringFindCheck.cpp": 6.586519372034664e-05,
        "FasterStringFindCheck.h": 2.6294288408729173e-05,
        "ForRangeCopyCheck.cpp": 5.7096239783317303e-05,
        "ForRangeCopyCheck.h": 2.871091540752484e-05,
        "ImplicitConversionInLoopCheck.cpp": 3.2983450752605474e-05,
        "ImplicitConversionInLoopCheck.h": 1.842934862131054e-05,
        "InefficientAlgorithmCheck.cpp": 2.8938893758514e-05,
        "InefficientAlgorithmCheck.h": 2.396647931847035e-05,
        "InefficientStringConcatenationCheck.cpp": 2.1266464525408898e-05,
        "InefficientStringConcatenationCheck.h": 1.9807770818080465e-05,
        "InefficientVectorOperationCheck.cpp": 3.7437735411933886e-05,
        "InefficientVectorOperationCheck.h": 3.156773840423717e-05,
        "MoveConstArgCheck.cpp": 4.840687196332855e-05,
        "MoveConstArgCheck.h": 2.157045299655915e-05,
        "MoveConstructorInitCheck.cpp": 5.058894459291337e-05,
        "MoveConstructorInitCheck.h": 2.5621062824862914e-05,
        "NoAutomaticMoveCheck.cpp": 2.062581453291793e-05,
        "NoAutomaticMoveCheck.h": 1.630856171454231e-05,
        "NoexceptDestructorCheck.cpp": 6.804937085864297e-06,
        "NoexceptDestructorCheck.h": 6.099602068851199e-06,
        "NoexceptFunctionBaseCheck.cpp": 0,
        "NoexceptFunctionBaseCheck.h": 0,
        "NoexceptMoveConstructorCheck.cpp": 4.7250369153798265e-05,
        "NoexceptMoveConstructorCheck.h": 2.8941160770886116e-05,
        "NoexceptSwapCheck.cpp": 8.855566722170325e-06,
        "NoexceptSwapCheck.h": 6.099602068851199e-06,
        "NoIntToPtrCheck.cpp": 6.099602068851199e-06,
        "NoIntToPtrCheck.h": 1.0462447129355174e-05,
        "PerformanceTidyModule.cpp": 4.601464988766924e-05,
        "TriviallyDestructibleCheck.cpp": 6.741075221367329e-06,
        "TriviallyDestructibleCheck.h": 1.1692773715110881e-05,
        "TypePromotionInMathFnCheck.cpp": 5.6934532809725526e-05,
        "TypePromotionInMathFnCheck.h": 2.7458749996504704e-05,
        "UnnecessaryCopyInitialization.cpp": 0.00012797195260387317,
        "UnnecessaryCopyInitialization.h": 4.0427764553141504e-05,
        "UnnecessaryValueParamCheck.cpp": 0.00012349363416272065,
        "UnnecessaryValueParamCheck.h": 4.010725369830898e-05
    },
    "subdirscores": {}
}