{
    "directory name": "llvm-project/libclc/generic/lib/integer",
    "score.sum": 8.161833783247173e-05,
    "sha.latest": "37a3de1e2eedf848b8442217ef3790436f69a7db",
    "time.latest": 1717829017.5049794,
    "formatted_time": "2024-06-08 01:43:37.504983",
    "filescores": {
        "abs.cl": 7.473323067876153,
        "abs.inc": 7.473323067876153,
        "abs_diff.cl": 7.473323067876153,
        "abs_diff.inc": 9.374138182241394,
        "add_sat.cl": 11.426134354620137,
        "clz.cl": 9.21166115183476,
        "hadd.cl": 0.0,
        "hadd.inc": 0.0,
        "mad24.cl": 0.0,
        "mad24.inc": 0.0,
        "mad_sat.cl": 7.4740722484454585,
        "mul24.cl": 0.0,
        "mul24.inc": 0.0,
        "mul_hi.cl": 7.473323067876153,
        "popcount.cl": 0.0,
        "rhadd.cl": 0.0,
        "rhadd.inc": 0.0,
        "rotate.cl": 7.473323067876153,
        "rotate.inc": 7.473511067090281,
        "sub_sat.cl": 10.200544588511049,
        "upsample.cl": 7.473323067876153
    },
    "subdirscores": {}
}