{
    "directory name": "llvm-project/lldb/unittests/Target",
    "score.sum": 0.00035029001722443646,
    "sha.latest": "d1556e5efbf0cb671c0f6e403fc1eaf9153f8713",
    "time.latest": 1717998472.0280957,
    "formatted_time": "2024-06-10 11:17:52.028098",
    "filescores": {
        "ABITest.cpp": 0.0,
        "CMakeLists.txt": 17.96618466078662,
        "DynamicRegisterInfoTest.cpp": 4.019848697186955,
        "ExecutionContextTest.cpp": 10.488891757140838,
        "FindFileTest.cpp": 11.274862046554857,
        "LocateModuleCallbackTest.cpp": 3.444971333593606,
        "MemoryRegionInfoTest.cpp": 2.878210595008206,
        "MemoryTagMapTest.cpp": 5.053373228633214,
        "MemoryTest.cpp": 0.0,
        "ModuleCacheTest.cpp": 12.981575947067359,
        "PathMappingListTest.cpp": 7.04998138414033,
        "RegisterFlagsTest.cpp": 4.078752311723746,
        "RemoteAwarePlatformTest.cpp": 10.164424199872501,
        "StackFrameRecognizerTest.cpp": 5.375886092113329
    },
    "subdirscores": {
        "Inputs": 5.223037746178462
    },
    "score.percentage": 5.400756369689258
}