{
    "directory name": "llvm-project/cross-project-tests/debuginfo-tests/dexter/dex/tools",
    "score.sum": 0.00021951521586209262,
    "sha.latest": "e6cc7b723f244f52663b6d67a5d94597109da1ef",
    "time.latest": 1717789770.2093992,
    "formatted_time": "2024-06-08 01:19:30.209404",
    "filescores": {
        "Main.py": 20.958767365542858,
        "TestToolBase.py": 19.79408012452527,
        "ToolBase.py": 5.2755486921864705,
        "__init__.py": 0.0
    },
    "subdirscores": {
        "clang_opt_bisect": 19.72504379393593,
        "help": 2.7786693714586,
        "list_debuggers": 2.7786693714586,
        "no_tool_": 2.7786693714586,
        "run_debugger_internal_": 3.1869393139518802,
        "test": 19.944943224023177,
        "view": 2.7786693714586
    },
    "score.percentage": 17.89319390640043
}