{
    "directory name": "llvm-project/libcxx/docs/Status",
    "score.sum": 0.001609073148609029,
    "sha.latest": "e1da74d916e58f3c7748c21757cba1922aecbc52",
    "time.latest": 1717824775.4337194,
    "formatted_time": "2024-06-08 11:02:55.433722",
    "filescores": {
        "Cxx14.rst": 1.1452097286319513e-05,
        "Cxx14Issues.csv": 0,
        "Cxx14Papers.csv": 0,
        "Cxx17.rst": 1.6164697930833298e-05,
        "Cxx17Issues.csv": 2.8954423990713037e-05,
        "Cxx17Papers.csv": 3.0314206786193066e-05,
        "Cxx20.rst": 8.434138872693821e-05,
        "Cxx20Issues.csv": 0.0001699396917603182,
        "Cxx20Papers.csv": 0.00019031590773326294,
        "Cxx23.rst": 1.6196314000861888e-05,
        "Cxx23Issues.csv": 4.799665909477899e-05,
        "Cxx23Papers.csv": 6.037204643006652e-05,
        "Cxx2c.rst": 6.099602068851199e-06,
        "Cxx2cIssues.csv": 3.4064387515639394e-05,
        "Cxx2cPapers.csv": 0.00010639564816776044,
        "Format.rst": 6.821157759821104e-06,
        "FormatIssues.csv": 0.00011628889749824923,
        "FormatPaper.csv": 0.0001245805148566652,
        "Parallelism.rst": 6.099602068851199e-06,
        "ParallelismProjects.csv": 4.2505698947374926e-05,
        "PSTL.rst": 9.682517084868536e-06,
        "PSTLPaper.csv": 1.9025556807456664e-05,
        "Ranges.rst": 1.5765869824818135e-05,
        "RangesAlgorithms.csv": 0.00011684338102084619,
        "RangesMajorFeatures.csv": 1.1460689952308975e-05,
        "RangesViews.csv": 4.3822476045416094e-05,
        "Spaceship.rst": 6.099602068851199e-06,
        "SpaceshipPapers.csv": 3.0490308767229298e-05,
        "SpaceshipProjects.csv": 0.00019677766123313178,
        "Zip.rst": 6.099602068851199e-06,
        "ZipProjects.csv": 2.6863177461013383e-05
    },
    "subdirscores": {}
}