{
    "directory name": "llvm-project/llvm/include/llvm/DebugInfo/DWARF",
    "score.sum": 0.00322138332979529,
    "sha.latest": "fe8476472467acd15a4d3771313e5532d1eb032f",
    "time.latest": 1717812541.552193,
    "formatted_time": "2024-06-07 21:09:01.552196",
    "filescores": {
        "DWARFAbbreviationDeclaration.h": 2.395478979593412,
        "DWARFAcceleratorTable.h": 6.049998696114424,
        "DWARFAddressRange.h": 1.0374881899465418,
        "DWARFAttribute.h": 0.7796564344151523,
        "DWARFCompileUnit.h": 1.4609548488691442,
        "DWARFContext.h": 12.422773964014977,
        "DWARFDataExtractor.h": 1.074226516000429,
        "DWARFDebugAbbrev.h": 2.0318702479574404,
        "DWARFDebugAddr.h": 0.933999351433287,
        "DWARFDebugArangeSet.h": 1.9043340238017232,
        "DWARFDebugAranges.h": 1.58026757170508,
        "DWARFDebugFrame.h": 5.575622625012458,
        "DWARFDebugInfoEntry.h": 1.9985587869249273,
        "DWARFDebugLine.h": 6.794773294193416,
        "DWARFDebugLoc.h": 5.014913658106317,
        "DWARFDebugMacro.h": 2.886626089861756,
        "DWARFDebugPubTable.h": 1.0415185058187584,
        "DWARFDebugRangeList.h": 2.9929966702088544,
        "DWARFDebugRnglists.h": 1.2643724475752869,
        "DWARFDie.h": 3.4190024918823823,
        "DWARFExpression.h": 4.8890452091776275,
        "DWARFFormValue.h": 5.638026888269882,
        "DWARFGdbIndex.h": 0.3830566864663508,
        "DWARFListTable.h": 1.7175884155709154,
        "DWARFLocationExpression.h": 0.35979666977524016,
        "DWARFObject.h": 1.2978807524576899,
        "DWARFRelocMap.h": 1.3837396568603597,
        "DWARFSection.h": 0.934518335689089,
        "DWARFTypePrinter.h": 0.0,
        "DWARFTypeUnit.h": 1.8215453856547013,
        "DWARFUnit.h": 12.418106388994056,
        "DWARFUnitIndex.h": 3.4541603042951063,
        "DWARFVerifier.h": 3.04310191335321
    },
    "subdirscores": {},
    "score.percentage": 42.93928090499515
}