{
    "directory name": "llvm-project/clang-tools-extra/docs",
    "score.sum": 0.29456684175039993,
    "sha.latest": "4fdf10faf2b45f4bbbd2ddfb07272d19a47cc531",
    "time.latest": 1717813217.9552004,
    "formatted_time": "2024-06-08 07:50:17.955204",
    "filescores": {
        "clang-doc.rst": 0.1123235199259806,
        "clang-include-fixer.rst": 0.039188594113846155,
        "clang-modernize.rst": 0.07293238101703817,
        "clang-rename.rst": 0.08253857653223204,
        "clang-tidy.rst": 0.09647690483074776,
        "clangd.rst": 0.13837885694407073,
        "CMakeLists.txt": 0.02007646631636598,
        "conf.py": 0.23135262340801885,
        "cpp11-migrate.rst": 0.06997683375439262,
        "doxygen-mainpage.dox": 0.0,
        "doxygen.cfg.in": 0.08768226629789891,
        "index.rst": 0.23116294322825748,
        "make.bat": 0.0,
        "modularize.rst": 0.07150479730250413,
        "ModularizeUsage.rst": 0.10696797648658536,
        "pp-trace.rst": 0.1671797990711752,
        "README.txt": 0.021222203903560687,
        "ReleaseNotes.rst": 10.097402827367835
    },
    "subdirscores": {
        "clang-tidy": 0.1557996096938224,
        "clangd": 0.001767139042757554,
        "_static": 0.0,
        "_templates": 0.00031720873550238375
    }
}