{
    "directory name": "llvm-project/llvm/include/llvm/BinaryFormat/ELFRelocs",
    "score.sum": 0.00021384277665500236,
    "sha.latest": "2167881f5154823dc3183845700add7df15fc856",
    "time.latest": 1717808396.355181,
    "formatted_time": "2024-06-07 19:59:56.355184",
    "filescores": {
        "AArch64.def": 20.251577540239712,
        "AMDGPU.def": 3.1032752752086443,
        "ARC.def": 0.0,
        "ARM.def": 7.982749407703168,
        "AVR.def": 8.5255194874145,
        "BPF.def": 2.8523769492068616,
        "CSKY.def": 0.0,
        "Hexagon.def": 0.0,
        "Lanai.def": 0.0,
        "LoongArch.def": 8.273635639542414,
        "M68k.def": 0.0,
        "MSP430.def": 3.1098584824588538,
        "Mips.def": 0.0,
        "PowerPC.def": 5.660600228487552,
        "PowerPC64.def": 26.196705001920424,
        "RISCV.def": 14.043701987817887,
        "Sparc.def": 0.0,
        "SystemZ.def": 0.0,
        "VE.def": 0.0,
        "Xtensa.def": 0.0,
        "i386.def": 0.0,
        "x86_64.def": 0.0
    },
    "subdirscores": {}
}