{
    "directory name": "llvm-project/llvm/include/llvm/BinaryFormat/ELFRelocs",
    "score.sum": 0.00017932730406246432,
    "sha.latest": "2167881f5154823dc3183845700add7df15fc856",
    "time.latest": 1717808396.355181,
    "formatted_time": "2024-06-07 19:59:56.355184",
    "filescores": {
        "AArch64.def": 4.330653572848943e-05,
        "AMDGPU.def": 6.636130015754331e-06,
        "ARC.def": 0,
        "ARM.def": 1.707053298684321e-05,
        "AVR.def": 1.8231207596150494e-05,
        "BPF.def": 6.099602068851199e-06,
        "CSKY.def": 0,
        "Hexagon.def": 0,
        "Lanai.def": 0,
        "LoongArch.def": 1.769257218191536e-05,
        "M68k.def": 0,
        "MSP430.def": 6.650207728931133e-06,
        "Mips.def": 0,
        "PowerPC.def": 1.210478470393719e-05,
        "PowerPC64.def": 5.6019761368226515e-05,
        "RISCV.def": 3.0031442275903527e-05,
        "Sparc.def": 0,
        "SystemZ.def": 0,
        "VE.def": 0,
        "Xtensa.def": 0,
        "i386.def": 0,
        "x86_64.def": 0
    },
    "subdirscores": {}
}