{
    "directory name": "llvm-project/lld/ELF",
    "score.sum": 0.012988970372146805,
    "sha.latest": "f6455606bbbb02bbc155a713ae07eab1c7419041",
    "time.latest": 1717840475.3841782,
    "formatted_time": "2024-06-08 15:24:35.384181",
    "filescores": {
        "AArch64ErrataFix.cpp": 0.00012838917254997197,
        "AArch64ErrataFix.h": 2.72083331967414e-05,
        "ARMErrataFix.cpp": 8.512144538138086e-05,
        "ARMErrataFix.h": 1.9284662857920852e-05,
        "CallGraphSort.cpp": 5.438989222983844e-05,
        "CallGraphSort.h": 1.178397847248615e-05,
        "CMakeLists.txt": 0.00012513249721476217,
        "Config.h": 0.0009095528915622531,
        "Driver.cpp": 0.0024231642848824963,
        "Driver.h": 0.00014704738914373972,
        "DriverUtils.cpp": 0.0003049987654016359,
        "DWARF.cpp": 6.708892955180735e-05,
        "DWARF.h": 3.1840706241305454e-05,
        "EhFrame.cpp": 8.286381663925181e-05,
        "EhFrame.h": 3.5219492867886094e-05,
        "ICF.cpp": 0.00027267614039990374,
        "ICF.h": 1.2211185832459928e-05,
        "InputFiles.cpp": 0.0016050222772600491,
        "InputFiles.h": 0.0006234324128445498,
        "InputSection.cpp": 0.0013163768634539387,
        "InputSection.h": 0.0005491147010016042,
        "LinkerScript.cpp": 0.001347498747755029,
        "LinkerScript.h": 0.00045476882298483955,
        "LTO.cpp": 0.0005363093359119708,
        "LTO.h": 4.8632654518990836e-05,
        "MapFile.cpp": 0.0001949438332794084,
        "MapFile.h": 3.254171892994695e-05,
        "MarkLive.cpp": 0.0003853649708249722,
        "MarkLive.h": 7.342159678513812e-06,
        "Options.td": 0.0008983812125352961,
        "OutputSections.cpp": 0.0007384299647874231,
        "OutputSections.h": 0.00038925053643907773,
        "README.md": 2.8156748217043667e-05,
        "Relocations.cpp": 0.0012797018431447858,
        "Relocations.h": 0.00024073362534823522,
        "ScriptLexer.cpp": 6.62755189558059e-05,
        "ScriptLexer.h": 3.114002849303142e-05,
        "ScriptParser.cpp": 0.0005625786533102914,
        "ScriptParser.h": 3.4605786374230555e-05,
        "Symbols.cpp": 0.0007989076937964435,
        "Symbols.h": 0.0007751970691167746,
        "SymbolTable.cpp": 0.0008037984410861037,
        "SymbolTable.h": 0.0003708594742721856,
        "SyntheticSections.cpp": 0.001324192826725187,
        "SyntheticSections.h": 0.0005035064476069948,
        "Target.cpp": 0.00040911916574874773,
        "Target.h": 0.0004116913978181572,
        "Thunks.cpp": 0.0002949890727433473,
        "Thunks.h": 5.168588618589557e-05,
        "Writer.cpp": 0.002621601532675042,
        "Writer.h": 0.00012141094617583197
    },
    "subdirscores": {
        "Arch": 0.0012479886723452914
    }
}