{
    "directory name": "llvm-project/llvm/lib/Target",
    "score.sum": 0.2771643090648116,
    "sha.latest": "b7f97d3661814c4ae11b8772f8a27c029d01648b",
    "time.latest": 1717873823.5857728,
    "formatted_time": "2024-06-08 14:10:23.585774",
    "filescores": {
        "CMakeLists.txt": 0.061520721862485195,
        "README.txt": 0.13418669507996211,
        "Target.cpp": 0.042250162424634995,
        "TargetIntrinsicInfo.cpp": 0.00873489673796011,
        "TargetLoweringObjectFile.cpp": 0.1356599394373812,
        "TargetMachine.cpp": 0.4010974934940811,
        "TargetMachineC.cpp": 0.07222178860419022
    },
    "subdirscores": {
        "AArch64": 10.006409735626482,
        "AMDGPU": 12.634749684775159,
        "ARC": 0.16008506439540546,
        "ARM": 11.573116384131584,
        "AVR": 0.5740465654535963,
        "BPF": 0.6340278199440016,
        "CSKY": 0.16504852171695217,
        "DirectX": 0.10329940374137613,
        "Hexagon": 3.253004139523672,
        "Lanai": 0.31690228515082824,
        "LoongArch": 0.3945635496754315,
        "M68k": 0.21906546274558444,
        "MSP430": 0.5724156455283248,
        "Mips": 4.79264250047285,
        "NVPTX": 1.3542421833672045,
        "PowerPC": 7.485541286831292,
        "RISCV": 7.493248474907327,
        "SPIRV": 0.19906181193423358,
        "Sparc": 1.9751432183723192,
        "SystemZ": 2.028959011388022,
        "VE": 0.2951378649070112,
        "WebAssembly": 1.7380532509549889,
        "X86": 30.36792664016556,
        "XCore": 0.792030987012329,
        "Xtensa": 0.015606809637783447
    }
}