{
    "directory name": "llvm-project/libc/src/sys",
    "score.sum": 0.012458029540341734,
    "sha.latest": "fe1645e25c5ab5e3ba8aa16d4f637633ded328ab",
    "time.latest": 1717842109.0416677,
    "formatted_time": "2024-06-08 05:21:49.041669",
    "filescores": {
        "CMakeLists.txt": 0.20711003370198197
    },
    "subdirscores": {
        "auxv": 0.00031720873550238375,
        "epoll": 0.0005342240213496304,
        "mman": 0.0044143613130345925,
        "prctl": 0.0,
        "random": 0.0008942890305918498,
        "resource": 0.00105870753706554,
        "select": 0.0009780252025450346,
        "sendfile": 0.0013608033195078436,
        "socket": 0.000860876005582768,
        "stat": 0.002357679636723354,
        "utsname": 0.0007457113054308122,
        "wait": 0.0012898973083566832
    }
}