{
    "directory name": "llvm-project/openmp/libomptarget",
    "score.sum": 0.35308269668803205,
    "sha.latest": "8a790033073e005b41140b5c38a4eaada321c2f1",
    "time.latest": 1717799278.5899315,
    "formatted_time": "2024-06-08 03:57:58.589934",
    "filescores": {
        "CMakeLists.txt": 0.7919652682199715,
        "README.txt": 0.023095223589362248
    },
    "subdirscores": {
        "cmake": 0.005699836664337215,
        "DeviceRTL": 0.032526125013774235,
        "docs": 0.0,
        "include": 0.05088117134040438,
        "plugins-nextgen": 0.03695345779531361,
        "src": 0.08231746886930193,
        "test": 0.09975853607041837,
        "tools": 0.0032878271927403186,
        "unittests": 0.00031720873550238375,
        "utils": 0.000941478577626976
    }
}