{
    "directory name": "llvm-project/cross-project-tests/debuginfo-tests/dexter/feature_tests/commands/perfect",
    "score.sum": 0.003655614579586374,
    "sha.latest": "e6cc7b723f244f52663b6d67a5d94597109da1ef",
    "time.latest": 1717791747.6862843,
    "formatted_time": "2024-06-08 01:52:27.686290",
    "filescores": {
        "command_line.c": 0.13843194352160912,
        "expect_program_state.cpp": 0.09953147435827442,
        "expect_step_order.cpp": 0.11383816898316212,
        "expect_watch_type.cpp": 0.09953147435827442,
        "expect_watch_value.cpp": 0.09953147435827442,
        "unreachable.cpp": 0.09953147435827442,
        "unreachable_not_cmd_lineno.cpp": 0.0992549813107134,
        "unreachable_on_line.cpp": 0.0992549813107134
    },
    "subdirscores": {
        "dex_declare_address": 0.00220868719482629,
        "dex_declare_file": 0.0019805986442734107,
        "dex_finish_test": 0.002367746293917095,
        "expect_step_kind": 0.0015726001093199862,
        "float_range_watch": 0.0015624075864832162,
        "limit_steps": 0.002545363203340957
    }
}