{
    "directory name": "llvm-project/llvm/lib/Target/CSKY/MCTargetDesc",
    "score.sum": 0.00031371983206800717,
    "sha.latest": "f5699525005cc85471cbebdab992d5414bb103eb",
    "time.latest": 1717854651.8278399,
    "formatted_time": "2024-06-08 08:50:51.827843",
    "filescores": {
        "CMakeLists.txt": 8.988497134882437,
        "CSKYAsmBackend.cpp": 10.143281125838241,
        "CSKYAsmBackend.h": 6.037852618563301,
        "CSKYBaseInfo.h": 0.0,
        "CSKYELFObjectWriter.cpp": 4.998158852930878,
        "CSKYELFStreamer.cpp": 2.493620429866281,
        "CSKYELFStreamer.h": 1.944283225144959,
        "CSKYFixupKinds.h": 3.8538241616273923,
        "CSKYInstPrinter.cpp": 6.0043119954808235,
        "CSKYInstPrinter.h": 3.9308343594022728,
        "CSKYMCAsmInfo.cpp": 3.0282804664957657,
        "CSKYMCAsmInfo.h": 0.0,
        "CSKYMCCodeEmitter.cpp": 9.092618393799366,
        "CSKYMCCodeEmitter.h": 5.422200112803501,
        "CSKYMCExpr.cpp": 4.371015419182022,
        "CSKYMCExpr.h": 3.8538241616273923,
        "CSKYMCTargetDesc.cpp": 11.713221917558558,
        "CSKYMCTargetDesc.h": 10.847739490336195,
        "CSKYTargetStreamer.cpp": 3.2764361344606163,
        "CSKYTargetStreamer.h": 0.0
    },
    "subdirscores": {}
}