{
    "directory name": "llvm-project/llvm/tools/llvm-c-test",
    "score.sum": 0.02571266434949858,
    "sha.latest": "d5c95302b9736b4e785c77463d7f2026b772ba1b",
    "time.latest": 1718078426.4200938,
    "formatted_time": "2024-06-10 23:00:26.420098",
    "filescores": {
        "CMakeLists.txt": 0.10465213893993554,
        "attributes.c": 0.06540261143727372,
        "calc.c": 0.04435111363502966,
        "debuginfo.c": 0.20842567468443274,
        "diagnostic.c": 0.029013373855039548,
        "disassemble.c": 0.03243241721039625,
        "echo.cpp": 0.6868422394087713,
        "helpers.c": 0.04470259553264232,
        "include-all.c": 0.14971779019045667,
        "llvm-c-test.h": 0.16315786815712036,
        "main.c": 0.24327530334777356,
        "metadata.c": 0.0901940845505281,
        "module.c": 0.0699797247750857,
        "object.c": 0.06587735630878702,
        "targets.c": 0.028841487314631813
    },
    "subdirscores": {}
}