{
    "directory name": "llvm-project/mlir/lib/Dialect",
    "score.sum": 0.03204185376758357,
    "sha.latest": "fab2bb8bfda865bd438dee981d7be7df8017b76d",
    "time.latest": 1717810526.2970173,
    "formatted_time": "2024-06-07 20:35:26.297018",
    "filescores": {
        "CMakeLists.txt": 0.6252141866698522,
        "Traits.cpp": 0.22877753364453687
    },
    "subdirscores": {
        "AMDGPU": 0.32568101940227107,
        "AMX": 0.0832210623765846,
        "Affine": 4.825200849576457,
        "Arith": 1.3008865033564645,
        "ArmNeon": 0.03778072821680001,
        "ArmSME": 0.5097528354668334,
        "ArmSVE": 0.27599274135098467,
        "Async": 1.1979046392780608,
        "Bufferization": 3.465241898879518,
        "Complex": 0.3823982584889958,
        "ControlFlow": 0.26121216728492314,
        "DLTI": 0.18046096173911802,
        "EmitC": 0.5169902324743377,
        "Func": 0.3597786617285307,
        "GPU": 5.129514888074528,
        "IRDL": 0.12972210198273834,
        "Index": 0.15560629017617847,
        "LLVMIR": 6.239722979400411,
        "Linalg": 20.89314641667662,
        "MLProgram": 0.2097232081248601,
        "MPI": 0.02057121095612598,
        "Math": 1.2693309707497709,
        "MemRef": 3.551542999681731,
        "Mesh": 0.3692518371681724,
        "NVGPU": 0.8944906636710804,
        "OpenACC": 1.9243973297445358,
        "OpenACCMPCommon": 0.0,
        "OpenMP": 1.5862899205228411,
        "PDL": 0.4095089149538862,
        "PDLInterp": 0.2716074800015692,
        "Quant": 0.4427188710483083,
        "SCF": 5.982109936937626,
        "SPIRV": 4.613415797933724,
        "Shape": 1.819422107144545,
        "SparseTensor": 10.312579860202042,
        "Tensor": 4.378784093320815,
        "Tosa": 2.57491697897058,
        "Transform": 2.336201245341096,
        "UB": 0.02610007134479084,
        "Utils": 0.9617138302876196,
        "Vector": 8.619546070452136,
        "X86Vector": 0.30156964519738677,
        "XeGPU": 0.0
    },
    "score.percentage": 52.187168982983565
}