{
    "directory name": "llvm-project/mlir/lib/Dialect",
    "score.sum": 1.5251252371246753,
    "sha.latest": "fab2bb8bfda865bd438dee981d7be7df8017b76d",
    "time.latest": 1717810526.2970173,
    "formatted_time": "2024-06-07 20:35:26.297018",
    "filescores": {
        "CMakeLists.txt": 0.6593746242411535,
        "Traits.cpp": 0.24127747498049268
    },
    "subdirscores": {
        "AMDGPU": 0.005426923734970832,
        "AMX": 0.0013867383475090708,
        "Affine": 0.08040381679174176,
        "Arith": 0.021677074870759816,
        "ArmNeon": 0.000629551980218361,
        "ArmSME": 0.008494169438676069,
        "ArmSVE": 0.004598952562437478,
        "Async": 0.019961056161826935,
        "Bufferization": 0.057742399428001516,
        "Complex": 0.006372020663083724,
        "ControlFlow": 0.0043526592771768865,
        "DLTI": 0.0030070769192969845,
        "EmitC": 0.008614768427439731,
        "Func": 0.005995103313831588,
        "GPU": 0.0854746959035826,
        "IRDL": 0.0021615995783005105,
        "Index": 0.002592915826097948,
        "LLVMIR": 0.10397443731507454,
        "Linalg": 0.34814897225199626,
        "MLProgram": 0.003494682797406812,
        "MPI": 0.0003427844619246903,
        "Math": 0.021151255253800835,
        "MemRef": 0.05918046141011276,
        "Mesh": 0.006152957771341236,
        "NVGPU": 0.014905175076814894,
        "OpenACC": 0.03206682895881493,
        "OpenACCMPCommon": 0.0,
        "OpenMP": 0.026432840440103245,
        "PDL": 0.006823773931696001,
        "PDLInterp": 0.004525879593847319,
        "Quant": 0.007377161719835863,
        "SCF": 0.09968175136995804,
        "SPIRV": 0.07687477685695715,
        "Shape": 0.030317594299216696,
        "SparseTensor": 0.17184171344964286,
        "Tensor": 0.07296503606494714,
        "Tosa": 0.04290663943020497,
        "Transform": 0.03892884519730043,
        "UB": 0.0004349135756374071,
        "Utils": 0.01602533553050282,
        "Vector": 0.14363016684319882,
        "X86Vector": 0.005025148435951555,
        "XeGPU": 0.0
    }
}