{
    "directory name": "llvm-project/mlir/lib/Dialect",
    "score.sum": 0.029326610557838615,
    "sha.latest": "fab2bb8bfda865bd438dee981d7be7df8017b76d",
    "time.latest": 1717810526.2970173,
    "formatted_time": "2024-06-07 20:35:26.297018",
    "filescores": {
        "CMakeLists.txt": 0.00020033021542694102,
        "Traits.cpp": 7.33045627834668e-05
    },
    "subdirscores": {
        "AMDGPU": 0.00010435423598565117,
        "AMX": 2.6665571110534742e-05,
        "Affine": 0.0015460838002134883,
        "Arith": 0.00041682815108770946,
        "ArmNeon": 1.2105645687555242e-05,
        "ArmSME": 0.0001633342581163936,
        "ArmSVE": 8.843319059282765e-05,
        "Async": 0.0003838308527925757,
        "Bufferization": 0.0011103277419320112,
        "Complex": 0.00012252749079483025,
        "ControlFlow": 8.369722066457084e-05,
        "DLTI": 5.782303746802313e-05,
        "EmitC": 0.00016565325428211761,
        "Func": 0.00011527975267802495,
        "GPU": 0.0016435916594232682,
        "IRDL": 4.1565366221544646e-05,
        "Index": 4.985913995141286e-05,
        "LLVMIR": 0.0019993229125617883,
        "Linalg": 0.006694551422278649,
        "MLProgram": 6.719920366405261e-05,
        "MPI": 6.591397332783017e-06,
        "Math": 0.0004067171734742905,
        "MemRef": 0.0011379802144508711,
        "Mesh": 0.0001183151336995416,
        "NVGPU": 0.00028661139041817537,
        "OpenACC": 0.0006166125783040272,
        "OpenACCMPCommon": 0,
        "OpenMP": 0.0005082766966638463,
        "PDL": 0.00013121424769474237,
        "PDLInterp": 8.702807156392159e-05,
        "Quant": 0.0001418553332627958,
        "SCF": 0.0019167789182096395,
        "SPIRV": 0.0014782239436645225,
        "Shape": 0.0005829765709863428,
        "SparseTensor": 0.003304341758471212,
        "Tensor": 0.0014030435959800653,
        "Tosa": 0.0008250511330384339,
        "Transform": 0.0007485621867486602,
        "UB": 8.362946693532862e-06,
        "Utils": 0.0003081509391633859,
        "Vector": 0.002761862347323769,
        "X86Vector": 9.662850472156727e-05,
        "XeGPU": 0
    }
}