{
    "directory name": "llvm-project/mlir/docs",
    "score.sum": 0.002122649273752897,
    "sha.latest": "0ddb1221471ae481cc0c7dfd57b71d98e7e60a27",
    "time.latest": 1717788659.2860055,
    "formatted_time": "2024-06-07 14:30:59.286006",
    "filescores": {
        "ActionTracing.md": 6.149533727914717e-06,
        "BufferDeallocationInternals.md": 2.606724229268413e-05,
        "Bufferization.md": 0.00010216254442590879,
        "BytecodeFormat.md": 1.840159062486527e-05,
        "CAPI.md": 1.3020052524477574e-05,
        "CMakeLists.txt": 6.099602068851199e-06,
        "Canonicalization.md": 4.6074376318544055e-05,
        "DataLayout.md": 1.5843223013375718e-05,
        "DeclarativeRewrites.md": 7.740317140184968e-05,
        "Diagnostics.md": 4.228801663684227e-05,
        "DialectConversion.md": 6.109538567716894e-05,
        "Interfaces.md": 9.82882794567046e-05,
        "LangRef.md": 0.0001531076229730787,
        "PDLL.md": 2.2335750322295488e-05,
        "PassManagement.md": 0.00014588606338555878,
        "Passes.md": 7.678543741174821e-05,
        "PatternRewriter.md": 5.470556663439843e-05,
        "Quantization.md": 1.4008108620764164e-05,
        "README.txt": 0,
        "ReleaseNotes.md": 1.7897931597862487e-05,
        "SPIRVToLLVMDialectConversion.md": 4.6643970567345284e-05,
        "ShapeInference.md": 1.7300709359262556e-05,
        "SymbolsAndSymbolTables.md": 2.7104411097660047e-05,
        "TargetLLVMIR.md": 4.491972464319151e-05,
        "doxygen-mainpage.dox": 0,
        "doxygen.cfg.in": 1.4556550293915968e-05
    },
    "subdirscores": {
        "Bindings": 8.201280044543541e-05,
        "DefiningDialects": 2.025230039258248e-05,
        "Dialects": 0.0005784685507692916,
        "Rationale": 9.115860404747928e-05,
        "Tools": 5.8954102084411066e-05,
        "Traits": 6.966768901992623e-06,
        "Tutorials": 0.00036475527090227725,
        "includes": 2.1713046837839095e-05
    }
}