{
    "directory name": "llvm-project/llvm/lib",
    "score.sum": 0.7370117146555152,
    "sha.latest": "4a21e3afa29521192ce686605eb945495455ca5e",
    "time.latest": 1717878199.2599695,
    "formatted_time": "2024-06-08 15:23:19.259970",
    "filescores": {
        "CMakeLists.txt": 0.03069926222521717
    },
    "subdirscores": {
        "Analysis": 6.726102483117748,
        "AsmParser": 0.7844945020850282,
        "BinaryFormat": 0.06240761441960758,
        "Bitcode": 0.8411965693373128,
        "Bitstream": 0.008004106219351045,
        "CodeGen": 16.994279564040056,
        "CodeGenTypes": 0.0,
        "DWARFLinker": 0.09292372260923402,
        "DWP": 0.009748260566199584,
        "DebugInfo": 1.176872369058777,
        "Debuginfod": 0.015197469557771088,
        "Demangle": 0.10308649366123222,
        "ExecutionEngine": 1.779156522028786,
        "Extensions": 0.0019471642438803514,
        "FileCheck": 0.02257159099129491,
        "Frontend": 0.15289922708879775,
        "FuzzMutate": 0.03984446130291541,
        "Fuzzer": 0.34382179054585615,
        "IR": 2.4670883030922153,
        "IRPrinter": 0.0052793761366202755,
        "IRReader": 0.014926689562504158,
        "InterfaceStub": 0.0179020940729364,
        "LTO": 0.321485595892851,
        "LineEditor": 0.01002661295125238,
        "Linker": 0.2952461507261885,
        "MC": 1.7279468352333176,
        "MCA": 0.04082085553474812,
        "ObjCopy": 0.03396155515744,
        "Object": 0.8456224857302108,
        "ObjectYAML": 0.3037210419904653,
        "Option": 0.07467611444808006,
        "Passes": 0.5542006399610513,
        "ProfileData": 0.4026497640545059,
        "Remarks": 0.02291660048162056,
        "Support": 3.500252335193884,
        "TableGen": 0.22844843508381174,
        "Target": 40.153874860914996,
        "TargetParser": 0.07597980881391561,
        "Testing": 0.018135269048629468,
        "TextAPI": 0.05955835980721593,
        "ToolDrivers": 0.04207407323869246,
        "Transforms": 19.55010392285236,
        "WindowsDriver": 0.007106983164474889,
        "WindowsManifest": 0.009364776022450257,
        "XRay": 0.031377287734482756
    },
    "score.percentage": 42.866364893054524
}