{
    "directory name": "llvm-project/llvm/lib",
    "score.sum": 35.28543846946653,
    "sha.latest": "4a21e3afa29521192ce686605eb945495455ca5e",
    "time.latest": 1717878199.2599695,
    "formatted_time": "2024-06-08 15:23:19.259970",
    "filescores": {
        "CMakeLists.txt": 0.7447115694552723
    },
    "subdirscores": {
        "Analysis": 2.577991652583188,
        "AsmParser": 0.3006823465667974,
        "BinaryFormat": 0.023919693378921417,
        "Bitcode": 0.3224152084176984,
        "Bitstream": 0.0030678270323219133,
        "CodeGen": 6.513595498689543,
        "CodeGenTypes": 0.0,
        "DWARFLinker": 0.0356159576537584,
        "DWP": 0.003736329386884312,
        "DebugInfo": 0.4510735825397348,
        "Debuginfod": 0.005824911196143472,
        "Demangle": 0.03951116130326051,
        "ExecutionEngine": 0.6819180459919335,
        "Extensions": 0.0007463123227056729,
        "FileCheck": 0.008651276620767109,
        "Frontend": 0.05860346792376422,
        "FuzzMutate": 0.015271650840648004,
        "Fuzzer": 0.1317805829197779,
        "IR": 0.9455896735919554,
        "IRPrinter": 0.0020234879925209266,
        "IRReader": 0.005721126192980527,
        "InterfaceStub": 0.006861544140849372,
        "LTO": 0.1232195293957719,
        "LineEditor": 0.0038430167480929547,
        "Linker": 0.1131624315775545,
        "MC": 0.6622903127806902,
        "MCA": 0.01564588483211825,
        "ObjCopy": 0.01301684087097653,
        "Object": 0.3241115809520986,
        "ObjectYAML": 0.11641070187832585,
        "Option": 0.02862198430334666,
        "Passes": 0.21241493528561198,
        "ProfileData": 0.15432826562671548,
        "Remarks": 0.008783512427217269,
        "Support": 1.3415824877354423,
        "TableGen": 0.08756009296170708,
        "Target": 15.390243379450542,
        "TargetParser": 0.02912166642996896,
        "Testing": 0.006950915830090922,
        "TextAPI": 0.022827626372023093,
        "ToolDrivers": 0.01612622018052353,
        "Transforms": 7.493196074063582,
        "WindowsDriver": 0.0027239762282915496,
        "WindowsManifest": 0.0035893467985039186,
        "XRay": 0.012026338591068017
    }
}