{
    "directory name": "llvm-project/libc/src/stdio",
    "score.sum": 0.046482997530499434,
    "sha.latest": "6a8e6c9a31933dec276fe26e18090832a9c5d0d0",
    "time.latest": 1717839551.948983,
    "formatted_time": "2024-06-08 04:39:11.948987",
    "filescores": {
        "CMakeLists.txt": 0.7327960423830612,
        "clearerr.h": 0.02007646631636598,
        "clearerr_unlocked.h": 0.02007646631636598,
        "fclose.h": 0.02007646631636598,
        "feof.h": 0.02007646631636598,
        "feof_unlocked.h": 0.02007646631636598,
        "ferror.h": 0.02007646631636598,
        "ferror_unlocked.h": 0.02007646631636598,
        "fflush.h": 0.02007646631636598,
        "fgetc.h": 0.02007646631636598,
        "fgetc_unlocked.h": 0.02007646631636598,
        "fgets.h": 0.02007646631636598,
        "flockfile.cpp": 0.02007646631636598,
        "flockfile.h": 0.02007646631636598,
        "fopen.h": 0.02007646631636598,
        "fopencookie.cpp": 0.10435680122071046,
        "fopencookie.h": 0.02007646631636598,
        "fprintf.cpp": 0.06399804550512918,
        "fprintf.h": 0.02007646631636598,
        "fputc.h": 0.02007646631636598,
        "fputs.h": 0.02007646631636598,
        "fread.h": 0.02007646631636598,
        "fread_unlocked.h": 0.02007646631636598,
        "fscanf.cpp": 0.02007646631636598,
        "fscanf.h": 0.02007646631636598,
        "fseek.h": 0.02007646631636598,
        "ftell.h": 0.02007646631636598,
        "funlockfile.cpp": 0.02007646631636598,
        "funlockfile.h": 0.02007646631636598,
        "fwrite.h": 0.03137036408619368,
        "fwrite_unlocked.h": 0.02007646631636598,
        "getc.h": 0.02007646631636598,
        "getc_unlocked.h": 0.02007646631636598,
        "getchar.h": 0.02007646631636598,
        "getchar_unlocked.h": 0.02007646631636598,
        "printf.cpp": 0.06923216383779902,
        "printf.h": 0.02007646631636598,
        "putc.h": 0.02007646631636598,
        "putchar.h": 0.02007646631636598,
        "puts.h": 0.02007646631636598,
        "remove.h": 0.02007646631636598,
        "scanf.cpp": 0.03992288640541895,
        "scanf.h": 0.02007646631636598,
        "setbuf.cpp": 0.02743345246012316,
        "setbuf.h": 0.02007646631636598,
        "setvbuf.cpp": 0.02743345246012316,
        "setvbuf.h": 0.02007646631636598,
        "snprintf.cpp": 0.04141527295963929,
        "snprintf.h": 0.02007646631636598,
        "sprintf.cpp": 0.04142183400561311,
        "sprintf.h": 0.02007646631636598,
        "sscanf.cpp": 0.03992288640541895,
        "sscanf.h": 0.02007646631636598,
        "stderr.h": 0.0,
        "stdin.h": 0.0,
        "stdout.h": 0.0,
        "ungetc.h": 0.02007646631636598,
        "vfprintf.cpp": 0.02007646631636598,
        "vfprintf.h": 0.02007646631636598,
        "vprintf.cpp": 0.03878385651083081,
        "vprintf.h": 0.02007646631636598,
        "vsnprintf.cpp": 0.02007646631636598,
        "vsnprintf.h": 0.02007646631636598,
        "vsprintf.cpp": 0.02007646631636598,
        "vsprintf.h": 0.02007646631636598
    },
    "subdirscores": {
        "generic": 0.0012017417385236106,
        "gpu": 0.002101976673258642,
        "linux": 0.0007482406585690966,
        "printf_core": 0.019380249200286553,
        "scanf_core": 0.0027164782713830745
    }
}