{
    "directory name": "llvm-project/libc/src/stdio",
    "score.sum": 0.0011900229436576967,
    "sha.latest": "6a8e6c9a31933dec276fe26e18090832a9c5d0d0",
    "time.latest": 1717839551.948983,
    "formatted_time": "2024-06-08 04:39:11.948987",
    "filescores": {
        "CMakeLists.txt": 18.708630991214434,
        "clearerr.h": 0.5125617200373671,
        "clearerr_unlocked.h": 0.5125617200373671,
        "fclose.h": 0.5125617200373671,
        "feof.h": 0.5125617200373671,
        "feof_unlocked.h": 0.5125617200373671,
        "ferror.h": 0.5125617200373671,
        "ferror_unlocked.h": 0.5125617200373671,
        "fflush.h": 0.5125617200373671,
        "fgetc.h": 0.5125617200373671,
        "fgetc_unlocked.h": 0.5125617200373671,
        "fgets.h": 0.5125617200373671,
        "flockfile.cpp": 0.5125617200373671,
        "flockfile.h": 0.5125617200373671,
        "fopen.h": 0.5125617200373671,
        "fopencookie.cpp": 2.6642786976750705,
        "fopencookie.h": 0.5125617200373671,
        "fprintf.cpp": 1.6339004965429762,
        "fprintf.h": 0.5125617200373671,
        "fputc.h": 0.5125617200373671,
        "fputs.h": 0.5125617200373671,
        "fread.h": 0.5125617200373671,
        "fread_unlocked.h": 0.5125617200373671,
        "fscanf.cpp": 0.5125617200373671,
        "fscanf.h": 0.5125617200373671,
        "fseek.h": 0.5125617200373671,
        "ftell.h": 0.5125617200373671,
        "funlockfile.cpp": 0.5125617200373671,
        "funlockfile.h": 0.5125617200373671,
        "fwrite.h": 0.8009002939481619,
        "fwrite_unlocked.h": 0.5125617200373671,
        "getc.h": 0.5125617200373671,
        "getc_unlocked.h": 0.5125617200373671,
        "getchar.h": 0.5125617200373671,
        "getchar_unlocked.h": 0.5125617200373671,
        "printf.cpp": 1.7675300234326456,
        "printf.h": 0.5125617200373671,
        "putc.h": 0.5125617200373671,
        "putchar.h": 0.5125617200373671,
        "puts.h": 0.5125617200373671,
        "remove.h": 0.5125617200373671,
        "scanf.cpp": 1.0192502506348406,
        "scanf.h": 0.5125617200373671,
        "setbuf.cpp": 0.7003890703645149,
        "setbuf.h": 0.5125617200373671,
        "setvbuf.cpp": 0.7003890703645149,
        "setvbuf.h": 0.5125617200373671,
        "snprintf.cpp": 1.0573515881480189,
        "snprintf.h": 0.5125617200373671,
        "sprintf.cpp": 1.057519094767789,
        "sprintf.h": 0.5125617200373671,
        "sscanf.cpp": 1.0192502506348406,
        "sscanf.h": 0.5125617200373671,
        "stderr.h": 0.0,
        "stdin.h": 0.0,
        "stdout.h": 0.0,
        "ungetc.h": 0.5125617200373671,
        "vfprintf.cpp": 0.5125617200373671,
        "vfprintf.h": 0.5125617200373671,
        "vprintf.cpp": 0.9901702764628839,
        "vprintf.h": 0.5125617200373671,
        "vsnprintf.cpp": 0.5125617200373671,
        "vsnprintf.h": 0.5125617200373671,
        "vsprintf.cpp": 0.5125617200373671,
        "vsprintf.h": 0.5125617200373671
    },
    "subdirscores": {
        "generic": 1.941834330516818,
        "gpu": 3.3964789066024195,
        "linux": 1.2090446322377097,
        "printf_core": 31.31557474014468,
        "scanf_core": 4.389421284439309
    },
    "score.percentage": 10.188259555598304
}