{
    "directory name": "llvm-project/lld",
    "score.sum": 2.5011233015407983,
    "sha.latest": "f6455606bbbb02bbc155a713ae07eab1c7419041",
    "time.latest": 1717930965.3242016,
    "formatted_time": "2024-06-09 16:32:45.324224",
    "filescores": {
        ".clang-format": 0.02007646631636598,
        ".clang-tidy": 0.02007646631636598,
        "CMakeLists.txt": 1.3968302318266945,
        "CODE_OWNERS.TXT": 0.02918125628029007,
        "LICENSE.TXT": 0.10856792187102955,
        "README.md": 0.0877003447899463
    },
    "subdirscores": {
        "cmake": 0.005780313850271631,
        "COFF": 0.19450144298143038,
        "Common": 0.01967875709893252,
        "docs": 0.0712217517707421,
        "ELF": 0.6754891254738226,
        "include": 0.09270303039239347,
        "MachO": 0.13135967571025417,
        "MinGW": 0.020388046666981685,
        "test": 1.370635665228638,
        "tools": 0.021355293700872233,
        "unittests": 0.020516637836949507,
        "utils": 0.001792630704886135,
        "wasm": 0.08545389714143366
    }
}