{
    "directory name": "llvm-project/third-party/unittest/googletest/src",
    "score.sum": 0.0009494984302640854,
    "sha.latest": "a866ce789eb99da4d7a486eeb60a53be6c75f4fd",
    "time.latest": 1717790350.2082922,
    "formatted_time": "2024-06-07 14:59:10.208295",
    "filescores": {
        "gtest-all.cc": 0.06009472980764123,
        "gtest-assertion-result.cc": 0.020942042608429766,
        "gtest-death-test.cc": 0.06009472980764123,
        "gtest-filepath.cc": 0.06009472980764123,
        "gtest-internal-inl.h": 0.06009472980764123,
        "gtest-matchers.cc": 0.06009472980764123,
        "gtest-port.cc": 0.06009472980764123,
        "gtest-printers.cc": 0.06009472980764123,
        "gtest-test-part.cc": 0.06009472980764123,
        "gtest-typed-test.cc": 0.06009472980764123,
        "gtest.cc": 0.06009472980764123,
        "gtest_main.cc": 0.020942042608429766
    },
    "subdirscores": {}
}