{
    "directory name": "llvm-project/third-party/unittest/googletest/src",
    "score.sum": 0.0001953040726226695,
    "sha.latest": "a866ce789eb99da4d7a486eeb60a53be6c75f4fd",
    "time.latest": 1717790350.2082922,
    "formatted_time": "2024-06-07 14:59:10.208295",
    "filescores": {
        "gtest-all.cc": 9.348443677371748,
        "gtest-assertion-result.cc": 3.2577816131412503,
        "gtest-death-test.cc": 9.348443677371748,
        "gtest-filepath.cc": 9.348443677371748,
        "gtest-internal-inl.h": 9.348443677371748,
        "gtest-matchers.cc": 9.348443677371748,
        "gtest-port.cc": 9.348443677371748,
        "gtest-printers.cc": 9.348443677371748,
        "gtest-test-part.cc": 9.348443677371748,
        "gtest-typed-test.cc": 9.348443677371748,
        "gtest.cc": 9.348443677371748,
        "gtest_main.cc": 3.2577816131412503
    },
    "subdirscores": {}
}