{
    "directory name": "llvm-project/llvm/lib/DWARFLinker/Parallel",
    "score.sum": 2.1709764631214863e-05,
    "sha.latest": "716042a63f26cd020eb72960f72fa97b9a197382",
    "time.latest": 1717833165.804751,
    "formatted_time": "2024-06-08 02:52:45.804754",
    "filescores": {
        "AcceleratorRecordsSaver.cpp": 6.099602068851199e-06,
        "AcceleratorRecordsSaver.h": 0,
        "ArrayList.h": 0,
        "CMakeLists.txt": 6.4590226995785605e-06,
        "DIEAttributeCloner.cpp": 0,
        "DIEAttributeCloner.h": 0,
        "DIEGenerator.h": 0,
        "DWARFEmitterImpl.cpp": 6.099602068851199e-06,
        "DWARFEmitterImpl.h": 6.099602068851199e-06,
        "DWARFLinker.cpp": 0,
        "DWARFLinkerCompileUnit.cpp": 1.6105909391997784e-05,
        "DWARFLinkerCompileUnit.h": 6.099602068851199e-06,
        "DWARFLinkerGlobalData.h": 6.099602068851199e-06,
        "DWARFLinkerImpl.cpp": 1.0048939588648084e-05,
        "DWARFLinkerImpl.h": 8.141306963912089e-06,
        "DWARFLinkerTypeUnit.cpp": 6.099602068851199e-06,
        "DWARFLinkerTypeUnit.h": 6.099602068851199e-06,
        "DWARFLinkerUnit.cpp": 0,
        "DWARFLinkerUnit.h": 6.099602068851199e-06,
        "DebugLineSectionEmitter.h": 6.099602068851199e-06,
        "DependencyTracker.cpp": 6.099602068851199e-06,
        "DependencyTracker.h": 0,
        "OutputSections.cpp": 6.099602068851199e-06,
        "OutputSections.h": 6.099602068851199e-06,
        "StringEntryToDwarfStringPoolEntryMap.h": 0,
        "SyntheticTypeNameBuilder.cpp": 0,
        "SyntheticTypeNameBuilder.h": 0,
        "TypePool.h": 0
    },
    "subdirscores": {}
}