{
    "directory name": "llvm-project/llvm/lib/DWARFLinker/Parallel",
    "score.sum": 0.001129012500977634,
    "sha.latest": "716042a63f26cd020eb72960f72fa97b9a197382",
    "time.latest": 1717833165.804751,
    "formatted_time": "2024-06-08 02:52:45.804754",
    "filescores": {
        "AcceleratorRecordsSaver.cpp": 0.02007646631636598,
        "AcceleratorRecordsSaver.h": 0.0,
        "ArrayList.h": 0.0,
        "CMakeLists.txt": 0.021259477290648098,
        "DIEAttributeCloner.cpp": 0.0,
        "DIEAttributeCloner.h": 0.0,
        "DIEGenerator.h": 0.0,
        "DWARFEmitterImpl.cpp": 0.02007646631636598,
        "DWARFEmitterImpl.h": 0.02007646631636598,
        "DWARFLinker.cpp": 0.0,
        "DWARFLinkerCompileUnit.cpp": 0.053011613504122534,
        "DWARFLinkerCompileUnit.h": 0.02007646631636598,
        "DWARFLinkerGlobalData.h": 0.02007646631636598,
        "DWARFLinkerImpl.cpp": 0.033075468676383175,
        "DWARFLinkerImpl.h": 0.026796612826082408,
        "DWARFLinkerTypeUnit.cpp": 0.02007646631636598,
        "DWARFLinkerTypeUnit.h": 0.02007646631636598,
        "DWARFLinkerUnit.cpp": 0.0,
        "DWARFLinkerUnit.h": 0.02007646631636598,
        "DebugLineSectionEmitter.h": 0.02007646631636598,
        "DependencyTracker.cpp": 0.02007646631636598,
        "DependencyTracker.h": 0.0,
        "OutputSections.cpp": 0.02007646631636598,
        "OutputSections.h": 0.02007646631636598,
        "StringEntryToDwarfStringPoolEntryMap.h": 0.0,
        "SyntheticTypeNameBuilder.cpp": 0.0,
        "SyntheticTypeNameBuilder.h": 0.0,
        "TypePool.h": 0.0
    },
    "subdirscores": {}
}