{
    "directory name": "llvm-project/lld",
    "score.sum": 0.05263247737035029,
    "sha.latest": "f6455606bbbb02bbc155a713ae07eab1c7419041",
    "time.latest": 1717930965.3242016,
    "formatted_time": "2024-06-09 16:32:45.324224",
    "filescores": {
        ".clang-format": 0.011589046105375457,
        ".clang-tidy": 0.011589046105375457,
        "CMakeLists.txt": 0.806313705954605,
        "CODE_OWNERS.TXT": 0.01684474344817235,
        "LICENSE.TXT": 0.0626703241646913,
        "README.md": 0.050624613077426404
    },
    "subdirscores": {
        "cmake": 0.21118057675254298,
        "COFF": 7.106002887038756,
        "Common": 0.7189525312246634,
        "docs": 2.6020473984409973,
        "ELF": 24.67862244208924,
        "include": 3.3868540588075846,
        "MachO": 4.7991532634884315,
        "MinGW": 0.7448660341840477,
        "test": 50.07541766732737,
        "tools": 0.7802038708085407,
        "unittests": 0.7495640416179888,
        "utils": 0.06549277357048386,
        "wasm": 3.1220109757937116
    }
}