{
    "directory name": "llvm-project/llvm/include/llvm/DebugInfo/CodeView",
    "score.sum": 0.034524548572986355,
    "sha.latest": "32eb95cc40d93bc5fb67e0b52531f7620204ec8c",
    "time.latest": 1717812184.8785198,
    "formatted_time": "2024-06-07 21:03:04.878523",
    "filescores": {
        "AppendingTypeTableBuilder.h": 0.09070015925429462,
        "CVRecord.h": 0.18934414044158102,
        "CVSymbolVisitor.h": 0.12019761316826483,
        "CVTypeVisitor.h": 0.12903328436795442,
        "CodeView.h": 0.33602435565650784,
        "CodeViewError.h": 0.061411846422655604,
        "CodeViewRecordIO.h": 0.2502307978015056,
        "CodeViewRegisters.def": 0.09146224359810333,
        "CodeViewSymbols.def": 0.07849969215749615,
        "CodeViewTypes.def": 0.03479850495831195,
        "ContinuationRecordBuilder.h": 0.05652734758268698,
        "DebugChecksumsSubsection.h": 0.0275829361300336,
        "DebugCrossExSubsection.h": 0.027309003586279707,
        "DebugCrossImpSubsection.h": 0.0345413478885687,
        "DebugFrameDataSubsection.h": 0.03940549304041234,
        "DebugInlineeLinesSubsection.h": 0.036068495106342476,
        "DebugLinesSubsection.h": 0.02765585136420211,
        "DebugStringTableSubsection.h": 0.08095305376248747,
        "DebugSubsection.h": 0.0428605759862211,
        "DebugSubsectionRecord.h": 0.033548167221577024,
        "DebugSubsectionVisitor.h": 0.0576244490398277,
        "DebugSymbolRVASubsection.h": 0.02072935266027165,
        "DebugSymbolsSubsection.h": 0.030205632287600575,
        "DebugUnknownSubsection.h": 0.02899606243051786,
        "EnumTables.h": 0.1285383868618049,
        "Formatters.h": 0.03611545280724498,
        "FunctionId.h": 0.02007646631636598,
        "GUID.h": 0.02007701560037056,
        "GlobalTypeTableBuilder.h": 0.11287090811218975,
        "LazyRandomTypeCollection.h": 0.05720058648150751,
        "Line.h": 0.06323007698542142,
        "MergingTypeTableBuilder.h": 0.07799691875088002,
        "RecordName.h": 0.04034441523424777,
        "RecordSerialization.h": 0.06906306833206682,
        "SimpleTypeSerializer.h": 0.030700736658069445,
        "StringsAndChecksums.h": 0.028137372159916595,
        "SymbolDeserializer.h": 0.08018634902941821,
        "SymbolDumpDelegate.h": 0.02375441266572262,
        "SymbolDumper.h": 0.0703822663841947,
        "SymbolRecord.h": 0.38073297438964254,
        "SymbolRecordHelpers.h": 0.021794915602126323,
        "SymbolRecordMapping.h": 0.03368633917005894,
        "SymbolSerializer.h": 0.0802765954311347,
        "SymbolVisitorCallbackPipeline.h": 0.03287838648985927,
        "SymbolVisitorCallbacks.h": 0.03312897339502073,
        "SymbolVisitorDelegate.h": 0.05894580438755936,
        "TypeCollection.h": 0.06971077623941972,
        "TypeDeserializer.h": 0.08864124810265805,
        "TypeDumpVisitor.h": 0.03578301347288965,
        "TypeHashing.h": 0.14660391501173853,
        "TypeIndex.h": 0.19156111895421002,
        "TypeIndexDiscovery.h": 0.062139495462166086,
        "TypeRecord.h": 0.32465865855526815,
        "TypeRecordHelpers.h": 0.03869119251673577,
        "TypeRecordMapping.h": 0.08726521118445259,
        "TypeStreamMerger.h": 0.16107305556935195,
        "TypeSymbolEmitter.h": 0.03539157093971697,
        "TypeTableCollection.h": 0.037739332994049336,
        "TypeVisitorCallbackPipeline.h": 0.07281106018109812,
        "TypeVisitorCallbacks.h": 0.06577006535867828
    },
    "subdirscores": {}
}