{
    "directory name": "llvm-project/llvm/include/llvm/DebugInfo/CodeView",
    "score.sum": 0.0006638720323020826,
    "sha.latest": "32eb95cc40d93bc5fb67e0b52531f7620204ec8c",
    "time.latest": 1717812184.8785198,
    "formatted_time": "2024-06-07 21:03:04.878523",
    "filescores": {
        "AppendingTypeTableBuilder.h": 2.7556387180628567e-05,
        "CVRecord.h": 5.7526254499321226e-05,
        "CVSymbolVisitor.h": 3.65182596577998e-05,
        "CVTypeVisitor.h": 3.920270011061903e-05,
        "CodeView.h": 0.00010209041883411608,
        "CodeViewError.h": 1.865805563533085e-05,
        "CodeViewRecordIO.h": 7.602474797649674e-05,
        "CodeViewRegisters.def": 2.778792250994822e-05,
        "CodeViewSymbols.def": 2.3849659454150194e-05,
        "CodeViewTypes.def": 1.0572429903345099e-05,
        "ContinuationRecordBuilder.h": 1.717405447894773e-05,
        "DebugChecksumsSubsection.h": 8.380206537969938e-06,
        "DebugCrossExSubsection.h": 8.296980760869672e-06,
        "DebugCrossImpSubsection.h": 1.0494300825752046e-05,
        "DebugFrameDataSubsection.h": 1.1972118154949668e-05,
        "DebugInlineeLinesSubsection.h": 1.095827641698345e-05,
        "DebugLinesSubsection.h": 8.40235953572246e-06,
        "DebugStringTableSubsection.h": 2.459503611982598e-05,
        "DebugSubsection.h": 1.3021836305156607e-05,
        "DebugSubsectionRecord.h": 1.0192554156011313e-05,
        "DebugSubsectionVisitor.h": 1.7507374208239933e-05,
        "DebugSymbolRVASubsection.h": 6.297961024618499e-06,
        "DebugSymbolsSubsection.h": 9.177030174987316e-06,
        "DebugUnknownSubsection.h": 8.809540464078009e-06,
        "EnumTables.h": 3.9052341088029584e-05,
        "Formatters.h": 1.097254303567321e-05,
        "FunctionId.h": 6.099602068851199e-06,
        "GUID.h": 6.09976895149867e-06,
        "GlobalTypeTableBuilder.h": 3.429227104936288e-05,
        "LazyRandomTypeCollection.h": 1.7378596917610317e-05,
        "Line.h": 1.921046773452851e-05,
        "MergingTypeTableBuilder.h": 2.369690758722134e-05,
        "RecordName.h": 1.2257380096257553e-05,
        "RecordSerialization.h": 2.0982638470400796e-05,
        "SimpleTypeSerializer.h": 9.32745204678591e-06,
        "StringsAndChecksums.h": 8.548654466087805e-06,
        "SymbolDeserializer.h": 2.4362097030728665e-05,
        "SymbolDumpDelegate.h": 7.217030246108253e-06,
        "SymbolDumper.h": 2.1383435256109253e-05,
        "SymbolRecord.h": 0.00011567372473181798,
        "SymbolRecordHelpers.h": 6.621698769210018e-06,
        "SymbolRecordMapping.h": 1.0234533351430302e-05,
        "SymbolSerializer.h": 2.4389515557970562e-05,
        "SymbolVisitorCallbackPipeline.h": 9.989062372522903e-06,
        "SymbolVisitorCallbacks.h": 1.0065195312506664e-05,
        "SymbolVisitorDelegate.h": 1.7908826420282917e-05,
        "TypeCollection.h": 2.117942412129397e-05,
        "TypeDeserializer.h": 2.6930851863695538e-05,
        "TypeDumpVisitor.h": 1.0871541812666735e-05,
        "TypeHashing.h": 4.45409829208006e-05,
        "TypeIndex.h": 5.819981360624469e-05,
        "TypeIndexDiscovery.h": 1.887912888183029e-05,
        "TypeRecord.h": 9.863730968332174e-05,
        "TypeRecordHelpers.h": 1.1755100434632651e-05,
        "TypeRecordMapping.h": 2.651278637842338e-05,
        "TypeStreamMerger.h": 4.893697563630019e-05,
        "TypeSymbolEmitter.h": 1.0752614325749874e-05,
        "TypeTableCollection.h": 1.1465907893358547e-05,
        "TypeVisitorCallbackPipeline.h": 2.2121347766954273e-05,
        "TypeVisitorCallbacks.h": 1.9982163215806806e-05
    },
    "subdirscores": {}
}