{
    "directory name": "llvm-project/clang/lib/Frontend",
    "score.sum": 0.6873229314076026,
    "sha.latest": "a4703e5bccc63eca45e0e4bff8f04f82d8622ebe",
    "time.latest": 1717812646.1017044,
    "formatted_time": "2024-06-08 07:40:46.101708",
    "filescores": {
        "ASTConsumers.cpp": 0.56426743203747,
        "ASTMerge.cpp": 0.32395532757143397,
        "ASTUnit.cpp": 4.078876262927612,
        "ChainedDiagnosticConsumer.cpp": 0.02251409133176468,
        "ChainedIncludesSource.cpp": 0.4735425935157598,
        "CMakeLists.txt": 0.7475120126941109,
        "CompilerInstance.cpp": 5.358689275300716,
        "CompilerInvocation.cpp": 19.009314159600134,
        "CreateInvocationFromCommandLine.cpp": 0.4564724189399746,
        "DependencyFile.cpp": 0.9975009063400323,
        "DependencyGraph.cpp": 0.27835382229771233,
        "DiagnosticRenderer.cpp": 0.38039664008940105,
        "FrontendAction.cpp": 2.4135124877664618,
        "FrontendActions.cpp": 2.7217927136647937,
        "FrontendOptions.cpp": 0.21001458555794777,
        "HeaderIncludeGen.cpp": 0.41588372961266956,
        "InitPreprocessor.cpp": 4.297422601375866,
        "InterfaceStubFunctionsConsumer.cpp": 0.09997439444183025,
        "LayoutOverrideSource.cpp": 0.17484646033923665,
        "LogDiagnosticPrinter.cpp": 0.17417505627647195,
        "ModuleDependencyCollector.cpp": 0.4139008902960296,
        "MultiplexConsumer.cpp": 0.5005074234527493,
        "PrecompiledPreamble.cpp": 0.5751884579016333,
        "PrintPreprocessedOutput.cpp": 1.1878700151433084,
        "SARIFDiagnostic.cpp": 0.0793180478204228,
        "SARIFDiagnosticPrinter.cpp": 0.0,
        "SerializedDiagnosticPrinter.cpp": 0.3855505537995805,
        "SerializedDiagnosticReader.cpp": 0.1301814083676996,
        "TestModuleFileExtension.cpp": 0.15905537358002242,
        "TestModuleFileExtension.h": 0.0988868426269274,
        "TextDiagnostic.cpp": 1.238382850430342,
        "TextDiagnosticBuffer.cpp": 0.1409884960737777,
        "TextDiagnosticPrinter.cpp": 0.5384307936688515,
        "VerifyDiagnosticConsumer.cpp": 0.6301959695122092
    },
    "subdirscores": {
        "Rewrite": 0.026135631222021893
    }
}