{
    "directory name": "llvm-project/mlir/lib/Target/LLVMIR",
    "score.sum": 0.14152253259681777,
    "sha.latest": "5c54f729018cb04b3cd42fcbef019f3479c9f9e8",
    "time.latest": 1717812240.6058989,
    "formatted_time": "2024-06-07 21:04:00.605902",
    "filescores": {
        "AttrKindDetail.h": 0.04015889834107565,
        "CMakeLists.txt": 0.3696013167027661,
        "ConvertFromLLVMIR.cpp": 1.4835562278815762,
        "ConvertToLLVMIR.cpp": 0.21136614973293358,
        "DataLayoutImporter.cpp": 0.036893848153538765,
        "DataLayoutImporter.h": 0.036893848153538765,
        "DebugImporter.cpp": 0.20631415121416613,
        "DebugImporter.h": 0.08067750529120483,
        "DebugTranslation.cpp": 0.4809132923753731,
        "DebugTranslation.h": 0.22343248784170386,
        "LoopAnnotationImporter.cpp": 0.039442357993938346,
        "LoopAnnotationImporter.h": 0.04912029352752631,
        "LoopAnnotationTranslation.cpp": 0.06480156083464943,
        "LoopAnnotationTranslation.h": 0.054123310262303985,
        "ModuleImport.cpp": 0.6792359864560835,
        "ModuleTranslation.cpp": 2.9646560787124545,
        "TypeFromLLVM.cpp": 0.08537272991530005,
        "TypeToLLVM.cpp": 0.07598216634916774
    },
    "subdirscores": {
        "Dialect": 0.048497389384891364
    }
}