{
    "directory name": "llvm-project/lld/COFF",
    "score.sum": 0.0037400653614571115,
    "sha.latest": "7b275aa2438c22604505d618dd37ee60052f2800",
    "time.latest": 1717838667.6671042,
    "formatted_time": "2024-06-08 14:54:27.667107",
    "filescores": {
        "CallGraphSort.cpp": 2.675205950066178e-05,
        "CallGraphSort.h": 1.633617893086002e-05,
        "Chunks.cpp": 0.00039039775236434564,
        "Chunks.h": 0.00028802979392604175,
        "CMakeLists.txt": 0.00011194215580878756,
        "COFFLinkerContext.cpp": 2.8511102574598655e-05,
        "COFFLinkerContext.h": 3.32024254125222e-05,
        "Config.h": 0.0004044689766486422,
        "DebugTypes.cpp": 0.00018262089152793428,
        "DebugTypes.h": 4.5284071790102626e-05,
        "DLL.cpp": 0.0001865735127736445,
        "DLL.h": 6.619641530294889e-05,
        "Driver.cpp": 0.0013575221620810906,
        "Driver.h": 0.00025693040732024643,
        "DriverUtils.cpp": 0.0004634707948535003,
        "ICF.cpp": 0.00020184258896161552,
        "ICF.h": 4.388826851292357e-05,
        "InputFiles.cpp": 0.0005151596214589063,
        "InputFiles.h": 0.0002947454996743472,
        "LLDMapFile.cpp": 3.231974163483735e-05,
        "LLDMapFile.h": 1.7529652989843642e-05,
        "LTO.cpp": 0.0002542368391403264,
        "LTO.h": 8.096561195873206e-05,
        "MapFile.cpp": 8.832577205793603e-05,
        "MapFile.h": 2.639981383369765e-05,
        "MarkLive.cpp": 8.049228894370513e-05,
        "MarkLive.h": 2.5329648721749002e-05,
        "MinGW.cpp": 0.00013402399273295957,
        "MinGW.h": 6.885540119254753e-05,
        "Options.td": 0.00036670592223629546,
        "PDB.cpp": 0.0006372510237859074,
        "PDB.h": 5.642954152846851e-05,
        "README.md": 1.5324417862709977e-05,
        "Symbols.cpp": 0.00016407783071696074,
        "Symbols.h": 0.00019274134925864733,
        "SymbolTable.cpp": 0.0004164350171155745,
        "SymbolTable.h": 0.00016282039851836294,
        "TypeMerger.h": 5.172301294872862e-05,
        "Writer.cpp": 0.0007756395431962099,
        "Writer.h": 7.954762141467699e-05
    },
    "subdirscores": {}
}