{
    "directory name": "llvm-project/third-party/benchmark/src",
    "score.sum": 4.206646631328426e-05,
    "sha.latest": "a5b797172cc902db166e9a695716fb81405f86e4",
    "time.latest": 1717789059.0687563,
    "formatted_time": "2024-06-07 14:37:39.068760",
    "filescores": {
        "CMakeLists.txt": 2.2946335186547704e-05,
        "arraysize.h": 6.2046364836785735e-06,
        "benchmark.cc": 2.4409612828412094e-05,
        "benchmark_api_internal.cc": 1.8654587000926627e-05,
        "benchmark_api_internal.h": 1.8654587000926627e-05,
        "benchmark_main.cc": 1.8455952941623095e-05,
        "benchmark_name.cc": 1.8455952941623095e-05,
        "benchmark_register.cc": 1.8654587000926627e-05,
        "benchmark_register.h": 1.8654587000926627e-05,
        "benchmark_runner.cc": 1.8654587000926627e-05,
        "benchmark_runner.h": 1.8654587000926627e-05,
        "check.cc": 0,
        "check.h": 1.8654587000926627e-05,
        "colorprint.cc": 1.8654587000926627e-05,
        "colorprint.h": 6.2046364836785735e-06,
        "commandlineflags.cc": 1.8654587000926627e-05,
        "commandlineflags.h": 1.8654587000926627e-05,
        "complexity.cc": 1.8654587000926627e-05,
        "complexity.h": 1.8455952941623095e-05,
        "console_reporter.cc": 1.8654587000926627e-05,
        "counter.cc": 1.8455952941623095e-05,
        "counter.h": 6.2046364836785735e-06,
        "csv_reporter.cc": 1.8654587000926627e-05,
        "cycleclock.h": 1.8654587000926627e-05,
        "internal_macros.h": 1.8455952941623095e-05,
        "json_reporter.cc": 1.8654587000926627e-05,
        "log.h": 1.8654587000926627e-05,
        "mutex.h": 1.0942184035056081e-05,
        "perf_counters.cc": 1.8654587000926627e-05,
        "perf_counters.h": 1.8654587000926627e-05,
        "re.h": 1.8654587000926627e-05,
        "reporter.cc": 1.8654587000926627e-05,
        "statistics.cc": 1.8654587000926627e-05,
        "statistics.h": 1.8654587000926627e-05,
        "string_util.cc": 1.8654587000926627e-05,
        "string_util.h": 1.8654587000926627e-05,
        "sysinfo.cc": 2.6351718693134508e-05,
        "thread_manager.h": 1.8654587000926627e-05,
        "thread_timer.h": 1.0942184035056081e-05,
        "timers.cc": 2.4322560607969825e-05,
        "timers.h": 6.2046364836785735e-06
    },
    "subdirscores": {}
}