{
    "directory name": "llvm-project/libc/benchmarks",
    "score.sum": 0.011495898851909448,
    "sha.latest": "73aab2f69773324ef0250f093bd4d782beee921a",
    "time.latest": 1717824663.4765992,
    "formatted_time": "2024-06-08 00:31:03.476602",
    "filescores": {
        "CMakeLists.txt": 0.2788876328337657,
        "JSON.cpp": 0.04789717325668131,
        "JSON.h": 0.02007646631636598,
        "JSONTest.cpp": 0.02007646631636598,
        "LibcBenchmark.cpp": 0.05270644080779196,
        "LibcBenchmark.h": 0.07543643218207602,
        "LibcBenchmarkTest.cpp": 0.06373968896426042,
        "LibcDefaultImplementations.cpp": 0.035090343007905714,
        "LibcFunctionPrototypes.h": 0.025028562873207864,
        "LibcMemoryBenchmark.cpp": 0.06428637671045195,
        "LibcMemoryBenchmark.h": 0.11069297259762606,
        "LibcMemoryBenchmarkMain.cpp": 0.10612623413764749,
        "LibcMemoryBenchmarkTest.cpp": 0.024125656532238117,
        "LibcMemoryGoogleBenchmarkMain.cpp": 0.03128229489234193,
        "MemorySizeDistributions.cpp": 0.05948798660507266,
        "MemorySizeDistributions.h": 0.03451591254874149,
        "RATIONALE.md": 0.028334852278360828,
        "README.md": 0.02877796077322713,
        "libc-benchmark-analysis.py3": 0.0
    },
    "subdirscores": {
        "automemcpy": 0.0030125926454588332,
        "distributions": 0.0003851170567263994
    }
}