{
    "directory name": "llvm-project/polly/lib/External/isl/imath",
    "score.sum": 2.175612124192445e-05,
    "sha.latest": "f98ee40f4b5d7474fc67e82824bf6abbaedb7b1c",
    "time.latest": 1717795059.9803715,
    "formatted_time": "2024-06-07 16:17:39.980372",
    "filescores": {
        ".dockerignore": 0,
        ".travis.yml": 0,
        "ChangeLog": 6.7324701840691846e-06,
        "LICENSE": 6.447848498601845e-06,
        "Makefile": 0,
        "README.md": 6.447848498601845e-06,
        "doc.md": 0,
        "doc.md.in": 0,
        "gmp_compat.c": 1.2187536775042226e-05,
        "gmp_compat.h": 0,
        "imath.c": 1.098612699552073e-05,
        "imath.h": 6.099602068851199e-06,
        "imdrover.c": 6.7324701840691846e-06,
        "imdrover.h": 6.447848498601845e-06,
        "imrat.c": 6.4155094750488674e-06,
        "imrat.h": 6.099602068851199e-06,
        "imtest.c": 6.7324701840691846e-06,
        "imtimer.c": 6.7324701840691846e-06,
        "iprime.c": 6.7324701840691846e-06,
        "iprime.h": 6.447848498601845e-06,
        "rsamath.c": 6.7324701840691846e-06,
        "rsamath.h": 6.447848498601845e-06
    },
    "subdirscores": {
        "contrib": 6.447848498601845e-06,
        "examples": 6.7324701840691846e-06,
        "tests": 1.1236272403647157e-05,
        "tools": 6.099602068851199e-06
    }
}