{
    "directory name": "llvm-project/libcxx/src/support/runtime",
    "score.sum": 6.901992841838182e-05,
    "sha.latest": "8c680451a5eff02dd7e5004b69e05b3744f4e1aa",
    "time.latest": 1717843609.867706,
    "formatted_time": "2024-06-08 16:16:49.867709",
    "filescores": {
        "exception_fallback.ipp": 3.1944358667964155e-05,
        "exception_glibcxx.ipp": 1.3107938083285591e-05,
        "exception_libcxxabi.ipp": 1.259478579799943e-05,
        "exception_libcxxrt.ipp": 1.3042976533756858e-05,
        "exception_msvc.ipp": 2.7601661191524524e-05,
        "exception_pointer_cxxabi.ipp": 1.7382636441880558e-05,
        "exception_pointer_glibcxx.ipp": 1.744670602108695e-05,
        "exception_pointer_msvc.ipp": 1.2232206192436415e-05,
        "exception_pointer_unimplemented.ipp": 1.7380628621983223e-05,
        "stdexcept_default.ipp": 1.2250598193885207e-05,
        "stdexcept_vcruntime.ipp": 1.3887104203063607e-05
    },
    "subdirscores": {}
}