{
    "directory name": "llvm-project/lldb/unittests",
    "score.sum": 0.27584478414679714,
    "sha.latest": "458636690afdd223ffa72f49164f30449b588892",
    "time.latest": 1717999656.8441117,
    "formatted_time": "2024-06-10 11:37:36.844114",
    "filescores": {
        "CMakeLists.txt": 0.5160883446861568,
        "gtest_common.h": 0.049932137870764295
    },
    "subdirscores": {
        "API": 0.0006817551060352063,
        "Breakpoint": 0.0034762935492094666,
        "Core": 0.02177718883535737,
        "DataFormatter": 0.0026401662935968627,
        "debugserver": 0.002466785104266754,
        "Disassembler": 0.0019952085683834922,
        "Editline": 0.004860044284591511,
        "Expression": 0.01876486428819452,
        "Host": 0.029549624684615774,
        "Instruction": 0.005526339408501724,
        "Interpreter": 0.010093074189622488,
        "Language": 0.007867041209479078,
        "ObjectFile": 0.005864788998159894,
        "Platform": 0.006869482206575833,
        "Process": 0.030683151451672455,
        "ScriptInterpreter": 0.02023070387363613,
        "Signals": 0.0019846935286385496,
        "Symbol": 0.022091921456846363,
        "SymbolFile": 0.027796270683812116,
        "Target": 0.017827655113287,
        "TestingSupport": 0.00979400731890428,
        "Thread": 0.0028158592164269675,
        "tools": 0.010805509247601793,
        "UnwindAssembly": 0.003396055206264582,
        "Utility": 0.051293901931466795
    }
}