{
    "directory name": "llvm-project/lldb/unittests",
    "score.sum": 0.005304215261912206,
    "sha.latest": "458636690afdd223ffa72f49164f30449b588892",
    "time.latest": 1717999656.8441117,
    "formatted_time": "2024-06-10 11:37:36.844114",
    "filescores": {
        "CMakeLists.txt": 0.00015679719156510793,
        "gtest_common.h": 1.5170307695552992e-05
    },
    "subdirscores": {
        "API": 1.310945881939926e-05,
        "Breakpoint": 6.684559708328965e-05,
        "Core": 0.00041875324102766024,
        "DataFormatter": 5.0767718489939274e-05,
        "debugserver": 4.743377417260232e-05,
        "Disassembler": 3.8365835960435365e-05,
        "Editline": 9.345371944455813e-05,
        "Expression": 0.0003608292970012584,
        "Host": 0.000568209294660816,
        "Instruction": 0.00010626589849704094,
        "Interpreter": 0.00019407957385091408,
        "Language": 0.0001512752187012694,
        "ObjectFile": 0.00011277394063532343,
        "Platform": 0.0001320931714342765,
        "Process": 0.000590005864047491,
        "ScriptInterpreter": 0.0003890159046424482,
        "Signals": 3.8163642417181504e-05,
        "Symbol": 0.0004248052299368837,
        "SymbolFile": 0.0005344940765922071,
        "Target": 0.00034280771568144237,
        "TestingSupport": 0.00018832882143084422,
        "Thread": 5.414611509645066e-05,
        "tools": 0.00020777897701107715,
        "UnwindAssembly": 6.530269517722238e-05,
        "Utility": 0.0009863296792413656
    }
}