{
    "directory name": "llvm-project/libc/src/stdlib",
    "score.sum": 0.00026699326871463625,
    "sha.latest": "ea697dcc2ad9e6a1cc313d792b485d9218a943a1",
    "time.latest": 1717840098.0633452,
    "formatted_time": "2024-06-08 04:48:18.063348",
    "filescores": {
        "CMakeLists.txt": 0.00013037417512634067,
        "_Exit.cpp": 6.099602068851199e-06,
        "_Exit.h": 1.233481551077521e-05,
        "abort.h": 1.233481551077521e-05,
        "abs.cpp": 8.982507362322473e-06,
        "abs.h": 6.099602068851199e-06,
        "atexit.cpp": 2.023437742098519e-05,
        "atexit.h": 7.903199212440916e-06,
        "atof.cpp": 1.4710088345009801e-05,
        "atof.h": 1.2155912490424354e-05,
        "atoi.cpp": 1.8832350274251826e-05,
        "atoi.h": 6.099602068851199e-06,
        "atol.cpp": 1.8772518283546457e-05,
        "atol.h": 6.099602068851199e-06,
        "atoll.cpp": 1.4954713702022453e-05,
        "atoll.h": 6.099602068851199e-06,
        "bsearch.cpp": 6.099602068851199e-06,
        "bsearch.h": 1.2157462683000207e-05,
        "div.cpp": 6.750670416390777e-06,
        "div.h": 1.2157603851771348e-05,
        "exit.cpp": 1.578783274273506e-05,
        "exit.h": 1.6928711346530235e-05,
        "free.h": 6.099602068851199e-06,
        "getenv.cpp": 1.4733301671662945e-05,
        "getenv.h": 6.099602068851199e-06,
        "labs.cpp": 8.982507362322473e-06,
        "labs.h": 6.099602068851199e-06,
        "ldiv.cpp": 6.750670416390777e-06,
        "ldiv.h": 1.2157603851771348e-05,
        "llabs.cpp": 8.982507362322473e-06,
        "llabs.h": 6.099602068851199e-06,
        "lldiv.cpp": 6.750670416390777e-06,
        "lldiv.h": 1.2157603851771348e-05,
        "malloc.h": 6.80293190930387e-06,
        "qsort.cpp": 1.900440683454334e-05,
        "qsort.h": 6.099602068851199e-06,
        "qsort_r.cpp": 6.099602068851199e-06,
        "qsort_r.h": 6.099602068851199e-06,
        "qsort_util.h": 6.099602068851199e-06,
        "rand.cpp": 1.732878647421986e-05,
        "rand.h": 1.2113308223770814e-05,
        "rand_util.cpp": 2.1068179937532216e-05,
        "rand_util.h": 1.5561889435296023e-05,
        "srand.cpp": 6.099602068851199e-06,
        "srand.h": 1.2113308223770814e-05,
        "strtod.cpp": 1.4710088345009801e-05,
        "strtod.h": 6.099602068851199e-06,
        "strtof.cpp": 1.4710088345009801e-05,
        "strtof.h": 6.099602068851199e-06,
        "strtol.cpp": 1.4977700256218524e-05,
        "strtol.h": 6.099602068851199e-06,
        "strtold.cpp": 1.44027089571062e-05,
        "strtold.h": 6.099602068851199e-06,
        "strtoll.cpp": 1.5095682619585107e-05,
        "strtoll.h": 6.099602068851199e-06,
        "strtoul.cpp": 1.4977700256218524e-05,
        "strtoul.h": 6.099602068851199e-06,
        "strtoull.cpp": 1.4977700256218524e-05,
        "strtoull.h": 6.099602068851199e-06
    },
    "subdirscores": {
        "baremetal": 6.099602068851199e-06,
        "gpu": 1.2827739297966891e-05,
        "linux": 3.346753611790409e-05
    }
}