{
    "directory_name": "llvm-project/clang",
    "score.sum": 0.30013066373622743,
    "sha.latest": "3f6bc1adf805681293c2ef0b93b708ff52244c00",
    "time.latest": 1718081642.9325957,
    "formatted_time": "2024-06-11 10:24:02.932611",
    "filescores": {
        ".clang-format": 0,
        ".clang-tidy": 3.332293510813559e-05,
        "CMakeLists.txt": 0.0014771042078397347,
        "CodeOwners.rst": 2.79866828198931e-05,
        "INSTALL.txt": 2.2726900743992484e-05,
        "LICENSE.TXT": 4.599186063448669e-05,
        "NOTES.txt": 3.954935322339345e-05,
        "README.txt": 0.00011347334289606377
    },
    "subdirscores": {
        "bindings": 0.000688170273882472,
        "cmake": 0.0016856149937609232,
        "docs": 0.021399053289558125,
        "examples": 0.0005053906121039409,
        "include": 0.09998528398713295,
        "lib": 0.20509874645963028,
        "runtime": 0.00030340058531111506,
        "test": 0.1746947986536675,
        "tools": 0.01360458781911678,
        "unittests": 0.021484975054786536,
        "utils": 0.005719914343357049,
        "www": 0.004908269408854397
    }
}