{
    "directory_name": "llvm-project/clang",
    "score.sum": 0.5518383607644277,
    "sha.latest": "3f6bc1adf805681293c2ef0b93b708ff52244c00",
    "time.latest": 1718081642.9325957,
    "formatted_time": "2024-06-11 10:24:02.932611",
    "filescores": {
        ".clang-format": 0.0,
        ".clang-tidy": 0.00603853183783298,
        "CMakeLists.txt": 0.2676697223066539,
        "CodeOwners.rst": 0.005071536306596168,
        "INSTALL.txt": 0.004118398132473122,
        "LICENSE.TXT": 0.008334299299305143,
        "NOTES.txt": 0.0071668365295606065,
        "README.txt": 0.020562786309178675
    },
    "subdirscores": {
        "bindings": 0.12470504459479621,
        "cmake": 0.30545447971865247,
        "docs": 3.877775597172211,
        "examples": 0.09158308809917715,
        "include": 18.11858165290095,
        "lib": 37.16645326640931,
        "runtime": 0.05497997364496968,
        "test": 31.65687836772955,
        "tools": 2.4653211495248684,
        "unittests": 3.893345693660137,
        "utils": 1.0365198851768123,
        "www": 0.8894396906469629
    },
    "score.percentage": 17.51439092925583
}