{
    "directory name": "llvm-project/llvm/lib/Target/DirectX",
    "score.sum": 0.014889453406235686,
    "sha.latest": "b2ca23aed802abc43ed216ce9bf4c80c056a04c0",
    "time.latest": 1717855338.0607417,
    "formatted_time": "2024-06-08 09:02:18.060743",
    "filescores": {
        "CBufferDataLayout.cpp": 0.03848472611619767,
        "CBufferDataLayout.h": 0.0,
        "CMakeLists.txt": 0.1886538120362204,
        "DXContainerGlobals.cpp": 0.023833711728348524,
        "DXIL.td": 0.17869298208619905,
        "DXILConstants.h": 0.02529300421272301,
        "DXILMetadata.cpp": 0.02959413395711287,
        "DXILMetadata.h": 0.02253380733416336,
        "DXILOpBuilder.cpp": 0.05723405404036056,
        "DXILOpBuilder.h": 0.02206377719097601,
        "DXILOpLowering.cpp": 0.03352640221009736,
        "DXILPrepare.cpp": 0.10571441819184169,
        "DXILPrettyPrinter.cpp": 0.0,
        "DXILResource.cpp": 0.1293079699299867,
        "DXILResource.h": 0.049124936749911266,
        "DXILResourceAnalysis.cpp": 0.0,
        "DXILResourceAnalysis.h": 0.03111483967167049,
        "DXILShaderFlags.cpp": 0.020350760033481078,
        "DXILShaderFlags.h": 0.020665499958440074,
        "DXILStubs.td": 0.02007646631636598,
        "DXILTranslateMetadata.cpp": 0.10181726383287212,
        "DirectX.h": 0.0733868110308696,
        "DirectX.td": 0.02007646631636598,
        "DirectXAsmPrinter.cpp": 0.03969220463149238,
        "DirectXFrameLowering.h": 0.0,
        "DirectXInstrInfo.cpp": 0.0,
        "DirectXInstrInfo.h": 0.0,
        "DirectXRegisterInfo.cpp": 0.0,
        "DirectXRegisterInfo.h": 0.0,
        "DirectXSubtarget.cpp": 0.02007646631636598,
        "DirectXSubtarget.h": 0.02007646631636598,
        "DirectXTargetLowering.h": 0.0,
        "DirectXTargetMachine.cpp": 0.12857286597870118,
        "DirectXTargetMachine.h": 0.05826510069730049,
        "DirectXTargetTransformInfo.h": 0.02007646631636598
    },
    "subdirscores": {
        "DXILWriter": 0.00317407426914583,
        "DirectXIRPasses": 0.00031720873550238375,
        "MCTargetDesc": 0.0011573192242270974,
        "TargetInfo": 0.0005851250170672998
    }
}