{
    "directory name": "llvm-project/lldb/source/Plugins/Process/FreeBSD",
    "score.sum": 0.033022559898384686,
    "sha.latest": "73b2d672c1c8318cd16a02812c39ae3997b9dbcd",
    "time.latest": 1717874598.8270714,
    "formatted_time": "2024-06-09 00:53:18.827074",
    "filescores": {
        "CMakeLists.txt": 0.09269395182680552,
        "NativeProcessFreeBSD.cpp": 0.1253046859748276,
        "NativeProcessFreeBSD.h": 0.03150878531851533,
        "NativeRegisterContextFreeBSD.cpp": 0.0,
        "NativeRegisterContextFreeBSD.h": 0.0385023588897039,
        "NativeRegisterContextFreeBSD_arm.cpp": 0.040152103878619734,
        "NativeRegisterContextFreeBSD_arm.h": 0.02007646631636598,
        "NativeRegisterContextFreeBSD_arm64.cpp": 0.06692734314377512,
        "NativeRegisterContextFreeBSD_arm64.h": 0.02648639933058109,
        "NativeRegisterContextFreeBSD_mips64.cpp": 0.0880191069668007,
        "NativeRegisterContextFreeBSD_mips64.h": 0.0581890735171743,
        "NativeRegisterContextFreeBSD_powerpc.cpp": 0.0822093498380074,
        "NativeRegisterContextFreeBSD_powerpc.h": 0.05218442756139346,
        "NativeRegisterContextFreeBSD_x86_64.cpp": 0.10666155600291276,
        "NativeRegisterContextFreeBSD_x86_64.h": 0.05576202097644507,
        "NativeThreadFreeBSD.cpp": 0.0930057808063965,
        "NativeThreadFreeBSD.h": 0.02426399163614133
    },
    "subdirscores": {}
}