{
    "directory name": "llvm-project/clang/lib/Interpreter",
    "score.sum": 0.016296620289946027,
    "sha.latest": "2a4a852a67eab2f8d0533c23719b1bd08d6edea9",
    "time.latest": 1717816880.5483923,
    "formatted_time": "2024-06-08 08:51:20.548395",
    "filescores": {
        "CMakeLists.txt": 0.33150929395436396,
        "CodeCompletion.cpp": 0.07234290583243619,
        "DeviceOffload.cpp": 0.021276166917674588,
        "DeviceOffload.h": 0.020154721600882334,
        "IncrementalExecutor.cpp": 0.3062929394231816,
        "IncrementalExecutor.h": 0.15811245580295652,
        "IncrementalParser.cpp": 0.3966214975465786,
        "IncrementalParser.h": 0.26570841143423013,
        "Interpreter.cpp": 0.58504696778229,
        "InterpreterUtils.cpp": 0.036803689339945246,
        "InterpreterUtils.h": 0.036803689339945246,
        "Value.cpp": 0.054072923900224217
    },
    "subdirscores": {}
}