{
    "directory name": "llvm-project/libcxx/benchmarks/algorithms",
    "score.sum": 0.00011881290195212891,
    "sha.latest": "fdd089b500631b123bc70d04dd016b41f9323f4c",
    "time.latest": 1717822558.8274703,
    "formatted_time": "2024-06-08 10:25:58.827490",
    "filescores": {
        "common.h": 6.3827240315391265,
        "count.bench.cpp": 0.0,
        "equal.bench.cpp": 0.0,
        "find.bench.cpp": 6.847236016337075,
        "for_each.bench.cpp": 5.277001750230452,
        "lower_bound.bench.cpp": 5.133787634703847,
        "make_heap.bench.cpp": 5.133787634703847,
        "make_heap_then_sort_heap.bench.cpp": 5.133787634703847,
        "min.bench.cpp": 0.0,
        "min_max_element.bench.cpp": 0.0,
        "pop_heap.bench.cpp": 5.133787634703847,
        "pstl.stable_sort.bench.cpp": 0.0,
        "push_heap.bench.cpp": 5.133787634703847,
        "ranges_contains.bench.cpp": 0.0,
        "ranges_ends_with.bench.cpp": 0.0,
        "ranges_make_heap.bench.cpp": 5.133787634703847,
        "ranges_make_heap_then_sort_heap.bench.cpp": 5.133787634703847,
        "ranges_pop_heap.bench.cpp": 5.133787634703847,
        "ranges_push_heap.bench.cpp": 5.133787634703847,
        "ranges_sort.bench.cpp": 5.133787634703847,
        "ranges_sort_heap.bench.cpp": 5.133787634703847,
        "ranges_stable_sort.bench.cpp": 5.133787634703847,
        "sort.bench.cpp": 5.133787634703847,
        "sort_heap.bench.cpp": 5.133787634703847,
        "stable_sort.bench.cpp": 9.620011316039465
    },
    "subdirscores": {}
}