{
    "directory name": "llvm-project/mlir/include/mlir",
    "score.sum": 0.035184710154192826,
    "sha.latest": "3ec1f25f3cf9346590892397ec9ddd859397d363",
    "time.latest": 1717801097.1259265,
    "formatted_time": "2024-06-07 17:58:17.125927",
    "filescores": {
        "CMakeLists.txt": 0.10469169599558023,
        "InitAllDialects.h": 1.3178363603332477,
        "InitAllExtensions.h": 0.09979003436461217,
        "InitAllPasses.h": 0.534813025740244,
        "InitAllTranslations.h": 0.07742523280356514
    },
    "subdirscores": {
        "Analysis": 4.004119219419913,
        "AsmParser": 0.0665090320459988,
        "Bindings": 0.27618224414837356,
        "Bytecode": 0.31492316144929056,
        "CAPI": 0.2099785920290828,
        "Config": 0.12725934882532827,
        "Conversion": 4.832923572942084,
        "Debug": 0.0869605599593506,
        "Dialect": 57.66593669948592,
        "ExecutionEngine": 2.4776742235630254,
        "IR": 13.859116334428789,
        "Interfaces": 2.995444611962163,
        "Parser": 0.17609265617315484,
        "Pass": 1.0189440238549754,
        "Query": 0.08597737375953377,
        "Reducer": 0.22113409822079408,
        "Rewrite": 0.11690593472011154,
        "Support": 1.842243161632438,
        "TableGen": 1.6894707425148252,
        "Target": 1.496210973685967,
        "Tools": 0.8242716189375384,
        "Transforms": 3.4771654670040855
    }
}