{
    "directory name": "llvm-project/cross-project-tests/debuginfo-tests/dexter/dex/command/commands",
    "score.sum": 5.47535601817633e-05,
    "sha.latest": "45a40c163932d12b72b33bd1d8a84519392b5d39",
    "time.latest": 1717788329.4320168,
    "formatted_time": "2024-06-08 00:55:29.432023",
    "filescores": {
        "DexCommandLine.py": 6.099602068851199e-06,
        "DexDeclareAddress.py": 3.887125953184006e-05,
        "DexDeclareFile.py": 3.554477546729832e-05,
        "DexExpectProgramState.py": 8.241294320283094e-06,
        "DexExpectStepKind.py": 6.099602068851199e-06,
        "DexExpectStepOrder.py": 1.1097040376101899e-05,
        "DexExpectWatchBase.py": 1.5703766983431666e-05,
        "DexExpectWatchType.py": 6.099602068851199e-06,
        "DexExpectWatchValue.py": 6.099602068851199e-06,
        "DexFinishTest.py": 6.099602068851199e-06,
        "DexLabel.py": 3.554477546729832e-05,
        "DexLimitSteps.py": 6.099602068851199e-06,
        "DexUnreachable.py": 7.819571588007436e-06,
        "DexWatch.py": 6.099602068851199e-06
    },
    "subdirscores": {}
}