{
    "directory name": "llvm-project/libc/src/stdlib",
    "score.sum": 0.0008003172222852069,
    "sha.latest": "ea697dcc2ad9e6a1cc313d792b485d9218a943a1",
    "time.latest": 1717840098.0633452,
    "formatted_time": "2024-06-08 04:48:18.063348",
    "filescores": {
        "CMakeLists.txt": 16.290312328163242,
        "_Exit.cpp": 0.7621480456755059,
        "_Exit.h": 1.541240793938517,
        "abort.h": 1.541240793938517,
        "abs.cpp": 1.1223683699663534,
        "abs.h": 0.7621480456755059,
        "atexit.cpp": 2.528294638369574,
        "atexit.h": 0.9875083269949267,
        "atof.cpp": 1.8380322121529464,
        "atof.h": 1.5188867803837394,
        "atoi.cpp": 2.353110710335381,
        "atoi.h": 0.7621480456755059,
        "atol.cpp": 2.3456346759530993,
        "atol.h": 0.7621480456755059,
        "atoll.cpp": 1.8685982614895025,
        "atoll.h": 0.7621480456755059,
        "bsearch.cpp": 0.7621480456755059,
        "bsearch.h": 1.5190804776493596,
        "div.cpp": 0.8434993310671326,
        "div.h": 1.5190981167513569,
        "exit.cpp": 1.9726968635830244,
        "exit.h": 2.1152501627032834,
        "free.h": 0.7621480456755059,
        "getenv.cpp": 1.8409327278493177,
        "getenv.h": 0.7621480456755059,
        "labs.cpp": 1.1223683699663534,
        "labs.h": 0.7621480456755059,
        "ldiv.cpp": 0.8434993310671326,
        "ldiv.h": 1.5190981167513569,
        "llabs.cpp": 1.1223683699663534,
        "llabs.h": 0.7621480456755059,
        "lldiv.cpp": 0.8434993310671326,
        "lldiv.h": 1.5190981167513569,
        "malloc.h": 0.8500294283158044,
        "qsort.cpp": 2.374609255599749,
        "qsort.h": 0.7621480456755059,
        "qsort_r.cpp": 0.7621480456755059,
        "qsort_r.h": 0.7621480456755059,
        "qsort_util.h": 0.7621480456755059,
        "rand.cpp": 2.16523973140796,
        "rand.h": 1.5135633579373389,
        "rand_util.cpp": 2.6324786410786754,
        "rand_util.h": 1.944465144816073,
        "srand.cpp": 0.7621480456755059,
        "srand.h": 1.5135633579373389,
        "strtod.cpp": 1.8380322121529464,
        "strtod.h": 0.7621480456755059,
        "strtof.cpp": 1.8380322121529464,
        "strtof.h": 0.7621480456755059,
        "strtol.cpp": 1.8714704418644836,
        "strtol.h": 0.7621480456755059,
        "strtold.cpp": 1.799625018187294,
        "strtold.h": 0.7621480456755059,
        "strtoll.cpp": 1.886212391691541,
        "strtoll.h": 0.7621480456755059,
        "strtoul.cpp": 1.8714704418644836,
        "strtoul.h": 0.7621480456755059,
        "strtoull.cpp": 1.8714704418644836,
        "strtoull.h": 0.7621480456755059
    },
    "subdirscores": {
        "baremetal": 0.7621480456755059,
        "gpu": 1.6028318447701109,
        "linux": 4.181783820963102
    }
}