{
    "directory name": "llvm-project/mlir/lib/CAPI/IR",
    "score.sum": 0.023725948038001644,
    "sha.latest": "3714f937b835c06c8c32ca4f3f61ba2317db2296",
    "time.latest": 1717802244.4659195,
    "formatted_time": "2024-06-07 18:17:24.465923",
    "filescores": {
        "AffineExpr.cpp": 0.029387447080088246,
        "AffineMap.cpp": 0.0405728382972457,
        "BuiltinAttributes.cpp": 0.28734540314185186,
        "BuiltinTypes.cpp": 0.25670813964199285,
        "CMakeLists.txt": 0.07029802742825314,
        "Diagnostics.cpp": 0.037617031300809484,
        "DialectHandle.cpp": 0.02007646631636598,
        "IR.cpp": 0.8444121466608514,
        "IntegerSet.cpp": 0.02007646631636598,
        "Pass.cpp": 0.14362949921043455,
        "Support.cpp": 0.06741692957349267
    },
    "subdirscores": {}
}