{
    "directory name": "llvm-project/mlir/lib/Transforms/Utils",
    "score.sum": 0.07900011835042005,
    "sha.latest": "9b6bd7093ccb07ba8d6987220b2703549af02933",
    "time.latest": 1717813248.8696637,
    "formatted_time": "2024-06-07 21:20:48.869668",
    "filescores": {
        "CFGToSCF.cpp": 0.04002756297939925,
        "CMakeLists.txt": 0.3388518679922633,
        "CommutativityUtils.cpp": 0.02035119150722594,
        "ControlFlowSinkUtils.cpp": 0.040797303324065726,
        "DialectConversion.cpp": 1.4479769210650992,
        "FoldUtils.cpp": 0.44970194379202066,
        "GreedyPatternRewriteDriver.cpp": 1.1995687487443634,
        "Inliner.cpp": 0.0,
        "InliningUtils.cpp": 0.26311714876253584,
        "LoopInvariantCodeMotionUtils.cpp": 0.12174902895940923,
        "OneToNTypeConversion.cpp": 0.05427211032419725,
        "RegionUtils.cpp": 0.3013827556982381,
        "TopologicalSortUtils.cpp": 0.048996724288334854
    },
    "subdirscores": {}
}