{
    "directory name": "llvm-project/llvm/include/llvm/Transforms/Instrumentation",
    "score.sum": 0.05285848139586264,
    "sha.latest": "a6a6fca7911feab8325129ea57247303b3c8d558",
    "time.latest": 1717824598.8587127,
    "formatted_time": "2024-06-08 00:29:58.858716",
    "filescores": {
        "AddressSanitizer.h": 0.34399771301630244,
        "AddressSanitizerCommon.h": 0.1447681983338202,
        "AddressSanitizerOptions.h": 0.09529807118754878,
        "BlockCoverageInference.h": 0.0,
        "BoundsChecking.h": 0.08978952886518864,
        "CFGMST.h": 0.088306389143666,
        "CGProfile.h": 0.06705374191742124,
        "ControlHeightReduction.h": 0.02222482622104844,
        "DataFlowSanitizer.h": 0.02371770659735248,
        "GCOVProfiler.h": 0.04313631444878467,
        "HWAddressSanitizer.h": 0.24303526293129465,
        "InstrOrderFile.h": 0.03597930863216636,
        "InstrProfiling.h": 0.3934220762548505,
        "KCFI.h": 0.020215995588344356,
        "MemProfiler.h": 0.1664273059896854,
        "MemorySanitizer.h": 0.17847586997608703,
        "PGOForceFunctionAttrs.h": 0.0,
        "PGOInstrumentation.h": 0.12495900761594352,
        "PoisonChecking.h": 0.02007646631636598,
        "RemoveTrapsPass.h": 0.0,
        "SanitizerBinaryMetadata.h": 0.15501681979483095,
        "SanitizerCoverage.h": 0.10570345760023606,
        "ThreadSanitizer.h": 0.09473868435067292
    },
    "subdirscores": {}
}