{
    "directory name": "llvm-project/mlir/utils",
    "score.sum": 0.0004196547383302771,
    "sha.latest": "5b4abae7630572c96a736faa1f09b1a3c37201a2",
    "time.latest": 1717837672.3261993,
    "formatted_time": "2024-06-08 04:07:52.326200",
    "filescores": {
        "generate-test-checks.py": 6.809766066253562
    },
    "subdirscores": {
        "MLIRVisualizers": 0.0,
        "clang-tidy": 4.049117590976739,
        "emacs": 5.6207658485757905,
        "gdb-scripts": 6.483928648519083,
        "jupyter": 3.0740836927065405,
        "lldb-scripts": 5.08283076775886,
        "mbr": 1.9608798851309728,
        "spirv": 26.18584151059852,
        "textmate": 3.012582109123194,
        "tree-sitter-mlir": 2.6740218066951282,
        "vim": 13.701221465350397,
        "vscode": 21.344960608311226
    },
    "score.percentage": 0.3646259143332598
}