{
    "directory name": "llvm-project/mlir/lib/Dialect/Bufferization/Transforms",
    "score.sum": 0.0008131630483810777,
    "sha.latest": "afac64cef40c77320cc49808be30f3e5ef7f7357",
    "time.latest": 1717805770.3727093,
    "formatted_time": "2024-06-07 19:16:10.372713",
    "filescores": {
        "BufferDeallocation.cpp": 0.00014427242604775415,
        "BufferDeallocationSimplification.cpp": 2.635643577480132e-05,
        "BufferOptimizations.cpp": 3.974038100526577e-05,
        "BufferResultsToOutParams.cpp": 2.6670208809539e-05,
        "BufferUtils.cpp": 7.852095440373635e-05,
        "BufferViewFlowAnalysis.cpp": 4.422287751477608e-05,
        "Bufferize.cpp": 0.00022013944544233658,
        "CMakeLists.txt": 9.852864626354295e-05,
        "DropEquivalentBufferResults.cpp": 1.4009364415227052e-05,
        "EmptyTensorElimination.cpp": 6.885038990591058e-05,
        "EmptyTensorToAllocTensor.cpp": 6.099602068851199e-06,
        "FuncBufferizableOpInterfaceImpl.cpp": 0.00010294856110439863,
        "LowerDeallocations.cpp": 6.099602068851199e-06,
        "OneShotAnalysis.cpp": 0.00021877259548215016,
        "OneShotModuleBufferize.cpp": 6.902039612094567e-05,
        "OwnershipBasedBufferDeallocation.cpp": 3.6622572739181205e-05,
        "TensorCopyInsertion.cpp": 4.1197340285601264e-05
    },
    "subdirscores": {}
}