{
    "directory name": "llvm-project/libc/src/fenv",
    "score.sum": 0.00027246915255016386,
    "sha.latest": "b6bc9d72f65a5086f310f321e969d96e9a559e75",
    "time.latest": 1717830820.121408,
    "formatted_time": "2024-06-08 02:13:40.121411",
    "filescores": {
        "CMakeLists.txt": 4.3643481716470545,
        "feclearexcept.cpp": 5.233080136214722,
        "feclearexcept.h": 2.2386394979990296,
        "fedisableexcept.cpp": 3.02832387665579,
        "fedisableexcept.h": 2.2386394979990296,
        "feenableexcept.cpp": 3.02832387665579,
        "feenableexcept.h": 2.2386394979990296,
        "fegetenv.cpp": 4.579187672914086,
        "fegetenv.h": 2.2386394979990296,
        "fegetexcept.cpp": 3.02832387665579,
        "fegetexcept.h": 2.2386394979990296,
        "fegetexceptflag.cpp": 4.611991800869179,
        "fegetexceptflag.h": 2.2386394979990296,
        "fegetround.cpp": 5.233080136214722,
        "fegetround.h": 2.2386394979990296,
        "feholdexcept.cpp": 4.579187672914086,
        "feholdexcept.h": 2.2386394979990296,
        "feraiseexcept.cpp": 5.233080136214722,
        "feraiseexcept.h": 2.2386394979990296,
        "fesetenv.cpp": 4.579187672914086,
        "fesetenv.h": 2.2386394979990296,
        "fesetexceptflag.cpp": 6.115584052800035,
        "fesetexceptflag.h": 2.2386394979990296,
        "fesetround.cpp": 5.233080136214722,
        "fesetround.h": 2.2386394979990296,
        "fetestexcept.cpp": 5.233080136214722,
        "fetestexcept.h": 2.2386394979990296,
        "feupdateenv.cpp": 4.579187672914086,
        "feupdateenv.h": 2.2386394979990296
    },
    "subdirscores": {}
}