{
    "directory name": "llvm-project/compiler-rt/lib/asan",
    "score.sum": 0.005789505094707549,
    "sha.latest": "64790064e82467b43c04a70b6e9873e6939be81f",
    "time.latest": 1717790871.5792093,
    "formatted_time": "2024-06-08 01:37:51.579216",
    "filescores": {
        ".clang-format": 2.3322092761216942e-05,
        "asan.syms.extra": 6.377125300276384e-06,
        "asan_activation.cpp": 6.099602068851199e-06,
        "asan_activation.h": 7.224796763939427e-06,
        "asan_activation_flags.inc": 1.797934609684972e-05,
        "asan_allocator.cpp": 0.0002113028757874327,
        "asan_allocator.h": 0.00025014361707036874,
        "asan_debugging.cpp": 1.2010563331712145e-05,
        "asan_descriptions.cpp": 4.1348332540880254e-05,
        "asan_descriptions.h": 3.8721136757779774e-05,
        "asan_errors.cpp": 4.039471978367537e-05,
        "asan_errors.h": 6.722518529275242e-05,
        "asan_fake_stack.cpp": 4.534018424263944e-05,
        "asan_fake_stack.h": 3.051816407663536e-05,
        "asan_flags.cpp": 1.7665413939286007e-05,
        "asan_flags.h": 6.637002482203362e-05,
        "asan_flags.inc": 9.882329882479949e-05,
        "asan_fuchsia.cpp": 3.3606533114593916e-05,
        "asan_globals.cpp": 7.834940834603731e-05,
        "asan_globals_win.cpp": 6.099602068851199e-06,
        "asan_ignorelist.txt": 0,
        "asan_init_version.h": 2.608124797062922e-05,
        "asan_interceptors.cpp": 0.000248808044795034,
        "asan_interceptors.h": 0.00022201251773875804,
        "asan_interceptors_memintrinsics.cpp": 5.8153733227057667e-05,
        "asan_interceptors_memintrinsics.h": 4.346744954019214e-05,
        "asan_interceptors_vfork.S": 8.966739349747065e-06,
        "asan_interface.inc": 0.00011394079338202511,
        "asan_interface_internal.h": 0.00012323855539148377,
        "asan_internal.h": 0.00020980241938582775,
        "asan_linux.cpp": 5.742742351858267e-05,
        "asan_mac.cpp": 5.090511786047868e-05,
        "asan_malloc_linux.cpp": 3.312751688889837e-05,
        "asan_malloc_mac.cpp": 2.2056017590323092e-05,
        "asan_malloc_win.cpp": 1.2120067283379342e-05,
        "asan_mapping.h": 0.0002741195459023383,
        "asan_mapping_sparc64.h": 1.5601486624897945e-05,
        "asan_memory_profile.cpp": 2.4361385168866077e-05,
        "asan_new_delete.cpp": 1.766269551080887e-05,
        "asan_poisoning.cpp": 0.0001099259354671657,
        "asan_poisoning.h": 4.423155985749772e-05,
        "asan_posix.cpp": 5.845960837229473e-05,
        "asan_preinit.cpp": 0,
        "asan_premap_shadow.cpp": 8.585067242538337e-06,
        "asan_premap_shadow.h": 6.4094015013612175e-06,
        "asan_report.cpp": 3.539612894860505e-05,
        "asan_report.h": 8.719236363163041e-05,
        "asan_rtl.cpp": 0.000188986176840633,
        "asan_rtl_static.cpp": 8.053235186448345e-06,
        "asan_rtl_x86_64.S": 2.1951490794440862e-05,
        "asan_scariness_score.h": 1.4819636925241142e-05,
        "asan_shadow_setup.cpp": 2.2186221147928726e-05,
        "asan_stack.cpp": 8.645218713596051e-06,
        "asan_stack.h": 8.824045430255862e-05,
        "asan_stats.cpp": 1.259692871242823e-05,
        "asan_stats.h": 2.7535104132781116e-05,
        "asan_suppressions.cpp": 6.2556222975352695e-06,
        "asan_suppressions.h": 1.1793619820999351e-05,
        "asan_thread.cpp": 0.0002006973207094587,
        "asan_thread.h": 0.00017644128325347005,
        "asan_win.cpp": 7.359330944488009e-05,
        "asan_win_dll_thunk.cpp": 9.936474273116427e-06,
        "asan_win_dynamic_runtime_thunk.cpp": 6.099602068851199e-06,
        "asan_win_weak_interception.cpp": 0,
        "CMakeLists.txt": 0.0005025568394131669,
        "README.txt": 2.709723850072651e-05,
        "weak_symbols.txt": 2.5065492328546222e-05
    },
    "subdirscores": {
        "scripts": 0.00028376263833506884,
        "tests": 0.0009070452333082696
    }
}