{
    "directory name": "llvm-project/llvm/lib/Transforms/InstCombine",
    "score.sum": 1.1219303424050846,
    "sha.latest": "60dda1fc6ef82c5d7fe54000e6c0a21e7bafdeb5",
    "time.latest": 1717875402.3200274,
    "formatted_time": "2024-06-08 14:36:42.320030",
    "filescores": {
        "CMakeLists.txt": 0.15239907086507723,
        "InstCombineAddSub.cpp": 5.166707913970448,
        "InstCombineAndOrXor.cpp": 8.626477433464707,
        "InstCombineAtomicRMW.cpp": 0.1465342182221966,
        "InstCombineCalls.cpp": 11.347528879606543,
        "InstCombineCasts.cpp": 5.383409869172904,
        "InstCombineCompares.cpp": 11.945749530135167,
        "InstCombineInternal.h": 3.9412151296973104,
        "InstCombineLoadStoreAlloca.cpp": 3.6705936083025725,
        "InstCombineMulDivRem.cpp": 4.90812144587928,
        "InstCombineNegator.cpp": 0.3166171967528559,
        "InstCombinePHI.cpp": 1.8085342316102284,
        "InstCombineSelect.cpp": 6.521410440623756,
        "InstCombineShifts.cpp": 3.4994207795944803,
        "InstCombineSimplifyDemanded.cpp": 4.545020351139835,
        "InstCombineVectorOps.cpp": 4.096072477178998,
        "InstructionCombining.cpp": 11.025080397470589
    },
    "subdirscores": {}
}