{
    "directory name": "llvm-project/llvm/include/llvm/DebugInfo/PDB/Native",
    "score.sum": 0.01771915089667659,
    "sha.latest": "ab20f23e7e65c7b19469e7d6e438ea14e22b9fff",
    "time.latest": 1717814037.5889938,
    "formatted_time": "2024-06-07 21:33:57.588997",
    "filescores": {
        "DbiModuleDescriptor.h": 0.08397491946632159,
        "DbiModuleDescriptorBuilder.h": 0.1470215965571437,
        "DbiModuleList.h": 0.06285414104185351,
        "DbiStream.h": 0.07865687540896968,
        "DbiStreamBuilder.h": 0.11796789935960873,
        "EnumTables.h": 0.04362764515004374,
        "FormatUtil.h": 0.04066451472840064,
        "GSIStreamBuilder.h": 0.08481938626954133,
        "GlobalsStream.h": 0.07431300801621579,
        "Hash.h": 0.024406295929546087,
        "HashTable.h": 0.19608250221044843,
        "ISectionContribVisitor.h": 0.02994140709157684,
        "InfoStream.h": 0.06766517069259939,
        "InfoStreamBuilder.h": 0.08830420628584201,
        "InjectedSourceStream.h": 0.043507820693794864,
        "InputFile.h": 0.03972681943812701,
        "LinePrinter.h": 0.03279524257238719,
        "ModuleDebugStream.h": 0.06127633956393466,
        "NamedStreamMap.h": 0.06942086092899102,
        "NativeCompilandSymbol.h": 0.09430832253452727,
        "NativeEnumGlobals.h": 0.021850388997784857,
        "NativeEnumInjectedSources.h": 0.02007646631636598,
        "NativeEnumLineNumbers.h": 0.039606064041129124,
        "NativeEnumModules.h": 0.05514502749122801,
        "NativeEnumSymbols.h": 0.02007646631636598,
        "NativeEnumTypes.h": 0.04622420808472712,
        "NativeExeSymbol.h": 0.049681384387684,
        "NativeFunctionSymbol.h": 0.028021142750810822,
        "NativeInlineSiteSymbol.h": 0.03942952801957782,
        "NativeLineNumber.h": 0.03751514126749724,
        "NativePublicSymbol.h": 0.02221468831322225,
        "NativeRawSymbol.h": 0.1586569674478867,
        "NativeSession.h": 0.1898415824012674,
        "NativeSourceFile.h": 0.02007646631636598,
        "NativeSymbolEnumerator.h": 0.03602584772420373,
        "NativeTypeArray.h": 0.02007646631636598,
        "NativeTypeBuiltin.h": 0.024335146532990876,
        "NativeTypeEnum.h": 0.039074966787341917,
        "NativeTypeFunctionSig.h": 0.061949702265425996,
        "NativeTypePointer.h": 0.045764621021010206,
        "NativeTypeTypedef.h": 0.06329010894671822,
        "NativeTypeUDT.h": 0.0446459551173366,
        "NativeTypeVTShape.h": 0.04775414488124452,
        "PDBFile.h": 0.09816979374075745,
        "PDBFileBuilder.h": 0.152190158303948,
        "PDBStringTable.h": 0.06011175317471214,
        "PDBStringTableBuilder.h": 0.0797331899450605,
        "PublicsStream.h": 0.05984196937745737,
        "RawConstants.h": 0.06666372063613636,
        "RawError.h": 0.05556061883765468,
        "RawTypes.h": 0.11874743652923234,
        "SymbolCache.h": 0.0915088806604566,
        "SymbolStream.h": 0.050499959534489644,
        "TpiHashing.h": 0.05262432113896426,
        "TpiStream.h": 0.08518625276004223,
        "TpiStreamBuilder.h": 0.10245086636885149
    },
    "subdirscores": {}
}