{
    "directory name": "llvm-project/lldb/tools/debugserver/source/MacOSX",
    "score.sum": 0.054536053777034764,
    "sha.latest": "01450dd1c69d1edb0d01159352a56c99988839f4",
    "time.latest": 1717987375.4832244,
    "formatted_time": "2024-06-10 08:12:55.483227",
    "filescores": {
        "CFBundle.cpp": 0.07558685700309863,
        "CFBundle.h": 0.07411787759950285,
        "CFString.cpp": 0.06036300244045847,
        "CFString.h": 0.07089428437221924,
        "CFUtils.h": 0.08596181818991971,
        "dbgnub-mig.defs": 0.02007646631636598,
        "Genealogy.cpp": 0.07399558506623459,
        "Genealogy.h": 0.06419827398618819,
        "GenealogySPI.h": 0.06159018052230583,
        "MachException.cpp": 0.2864177937015631,
        "MachException.h": 0.1052621940953128,
        "MachProcess.h": 0.5783654058737623,
        "MachProcess.mm": 0.9361374948922859,
        "MachTask.h": 0.2034171868057149,
        "MachTask.mm": 0.25174478933473776,
        "MachThread.cpp": 0.25746850441964136,
        "MachThread.h": 0.1852945598250566,
        "MachThreadList.cpp": 0.2664925129731947,
        "MachThreadList.h": 0.13548835215918079,
        "MachVMMemory.cpp": 0.3113870182440268,
        "MachVMMemory.h": 0.15424078144177858,
        "MachVMRegion.cpp": 0.11716904859503477,
        "MachVMRegion.h": 0.07459966596843652,
        "OsLogger.cpp": 0.052037861773096376,
        "OsLogger.h": 0.03424536944106361,
        "stack_logging.h": 0.02007646631636598,
        "ThreadInfo.h": 0.057169344871466445
    },
    "subdirscores": {
        "arm64": 0.006494913909478677,
        "x86_64": 0.008577358675696277
    }
}