{
    "directory name": "llvm-project/clang/include/clang/Analysis/FlowSensitive",
    "score.sum": 0.0015537910134353465,
    "sha.latest": "2d539db246fd9d26201255b84d04dacf2782eddf",
    "time.latest": 1717793986.3008819,
    "formatted_time": "2024-06-08 02:29:46.300887",
    "filescores": {
        "Arena.h": 4.354749865971945e-05,
        "CFGMatchSwitch.h": 6.735759902395171e-06,
        "ControlFlowContext.h": 4.0477198220112354e-05,
        "DataflowAnalysis.h": 0.00011275890341155503,
        "DataflowAnalysisContext.h": 0.0001406116063609654,
        "DataflowEnvironment.h": 0.0003748007400706954,
        "DataflowLattice.h": 6.099602068851199e-06,
        "DataflowValues.h": 2.965484145805513e-05,
        "DataflowWorklist.h": 1.2713144037416314e-05,
        "DebugSupport.h": 3.737155284584111e-05,
        "Formula.h": 3.229049234317005e-05,
        "Logger.h": 7.013147530096138e-06,
        "MapLattice.h": 6.89172099347127e-06,
        "MatchSwitch.h": 2.4774948366942882e-05,
        "NoopAnalysis.h": 1.559738751462346e-05,
        "NoopLattice.h": 7.759413355683363e-06,
        "RecordOps.h": 1.3133642926871578e-05,
        "SimplifyConstraints.h": 0,
        "Solver.h": 5.481658088620252e-05,
        "StorageLocation.h": 3.6125231112864175e-05,
        "Transfer.h": 2.8967414299740713e-05,
        "TypeErasedDataflowAnalysis.h": 7.359682794275539e-05,
        "Value.h": 8.336136954200834e-05,
        "WatchedLiteralsSolver.h": 4.7292413646709395e-05
    },
    "subdirscores": {
        "Models": 4.110023124647386e-05
    }
}