{
    "directory name": "llvm-project/mlir/include/mlir/Conversion",
    "score.sum": 0.08843161178891264,
    "sha.latest": "c40146c214a705a232848144d9412c8a7c73f0fe",
    "time.latest": 1717792464.2816906,
    "formatted_time": "2024-06-07 15:34:24.281691",
    "filescores": {
        "CMakeLists.txt": 0.04434610060264719,
        "Passes.h": 0.6356950595700226,
        "Passes.td": 2.547732367362796
    },
    "subdirscores": {
        "AMDGPUToROCDL": 0.000984720997958446,
        "AffineToStandard": 0.0021780836108536974,
        "ArithCommon": 0.0021768467413315735,
        "ArithToAMDGPU": 0.00031720873550238375,
        "ArithToArmSME": 0.0,
        "ArithToEmitC": 0.0,
        "ArithToLLVM": 0.0009516018741219798,
        "ArithToSPIRV": 0.0,
        "ArmNeon2dToIntr": 0.0011432550656700912,
        "ArmSMEToLLVM": 0.00031720873550238375,
        "ArmSMEToSCF": 0.0,
        "AsyncToLLVM": 0.001459302628531088,
        "BufferizationToMemRef": 0.0010237606762486936,
        "ComplexToLLVM": 0.0020920226312429496,
        "ComplexToLibm": 0.0009480174503504814,
        "ComplexToSPIRV": 0.0,
        "ComplexToStandard": 0.0011543765266500102,
        "ControlFlowToLLVM": 0.001701209521850431,
        "ControlFlowToSCF": 0.0006325967766348232,
        "ControlFlowToSPIRV": 0.0013651209403119696,
        "ConvertToLLVM": 0.0003297079314565902,
        "FuncToEmitC": 0.0,
        "FuncToLLVM": 0.002057325551283791,
        "FuncToSPIRV": 0.0012941822189517416,
        "GPUCommon": 0.0030272308096947545,
        "GPUToNVVM": 0.003969142088017532,
        "GPUToROCDL": 0.003144611812851269,
        "GPUToSPIRV": 0.003084204656581632,
        "GPUToVulkan": 0.0013918584431508662,
        "IndexToLLVM": 0.00031720873550238375,
        "IndexToSPIRV": 0.0003319640659393377,
        "LLVMCommon": 0.010396725042646987,
        "LinalgToStandard": 0.002869242125770045,
        "MathToFuncs": 0.00035975946261612506,
        "MathToLLVM": 0.00132653878132625,
        "MathToLibm": 0.0021270733705792888,
        "MathToSPIRV": 0.0014527675050654697,
        "MemRefToLLVM": 0.0034690139348528227,
        "MemRefToSPIRV": 0.002113884148394072,
        "NVGPUToNVVM": 0.001048284624616191,
        "NVVMToLLVM": 0.0003414262214141432,
        "OpenACCToSCF": 0.000950784246129598,
        "OpenMPToLLVM": 0.0018527506427938854,
        "PDLToPDLInterp": 0.0011799031606676716,
        "ReconcileUnrealizedCasts": 0.0009505619460288581,
        "SCFToControlFlow": 0.0008583093154325653,
        "SCFToEmitC": 0.0006276942969320233,
        "SCFToGPU": 0.002366638332352038,
        "SCFToOpenMP": 0.0011864155068015117,
        "SCFToSPIRV": 0.0022070989437038054,
        "SPIRVToLLVM": 0.0018943218353428717,
        "ShapeToStandard": 0.0018187258903280075,
        "TensorToLinalg": 0.000948183884673308,
        "TensorToSPIRV": 0.0012941822189517416,
        "TosaToArith": 0.0013026569958993236,
        "TosaToLinalg": 0.00268618938727269,
        "TosaToMLProgram": 0.0,
        "TosaToSCF": 0.0009797685901972715,
        "TosaToTensor": 0.000949078377914962,
        "UBToLLVM": 0.00031720873550238375,
        "UBToSPIRV": 0.0,
        "VectorToArmSME": 0.00031720873550238375,
        "VectorToGPU": 0.0017543567542756553,
        "VectorToLLVM": 0.003614256315682326,
        "VectorToSCF": 0.0031890653094102848,
        "VectorToSPIRV": 0.001814206385561911
    }
}