{
    "directory name": "llvm-project/clang-tools-extra/clang-include-fixer",
    "score.sum": 0.00030367817851605555,
    "sha.latest": "716042a63f26cd020eb72960f72fa97b9a197382",
    "time.latest": 1717789587.4479263,
    "formatted_time": "2024-06-08 01:16:27.447934",
    "filescores": {
        "CMakeLists.txt": 3.1510652767022784,
        "FuzzySymbolIndex.cpp": 2.240632862838215,
        "FuzzySymbolIndex.h": 0.0,
        "IncludeFixer.cpp": 7.481510090758088,
        "IncludeFixer.h": 3.6580947306701797,
        "IncludeFixerContext.cpp": 4.116458650996048,
        "IncludeFixerContext.h": 2.8078418983585087,
        "InMemorySymbolIndex.cpp": 2.008574372599746,
        "InMemorySymbolIndex.h": 0.0,
        "SymbolIndex.h": 0.0,
        "SymbolIndexManager.cpp": 7.315208870329924,
        "SymbolIndexManager.h": 0.0,
        "YamlSymbolIndex.cpp": 2.008574372599746,
        "YamlSymbolIndex.h": 0.0
    },
    "subdirscores": {
        "find-all-symbols": 44.449401073555585,
        "plugin": 4.920542668665917,
        "tool": 15.84209513192575
    },
    "score.percentage": 0.4614653499549883
}