{
    "directory name": "llvm-project/lld",
    "score.sum": 0.04809406285854176,
    "sha.latest": "f6455606bbbb02bbc155a713ae07eab1c7419041",
    "time.latest": 1717930965.3242016,
    "formatted_time": "2024-06-09 16:32:45.324224",
    "filescores": {
        ".clang-format": 6.099602068851199e-06,
        ".clang-tidy": 6.099602068851199e-06,
        "CMakeLists.txt": 0.00042438287882059025,
        "CODE_OWNERS.TXT": 8.865805783452875e-06,
        "LICENSE.TXT": 3.298494418390632e-05,
        "README.md": 2.6644988021803848e-05
    },
    "subdirscores": {
        "cmake": 0.00011114956926985741,
        "COFF": 0.0037400653614571115,
        "Common": 0.00037840252830038154,
        "docs": 0.0013695220081502463,
        "ELF": 0.012988970372146805,
        "include": 0.0017825851960686923,
        "MachO": 0.002525913255373976,
        "MinGW": 0.0003920414468813446,
        "test": 0.02635593287186447,
        "tools": 0.0004106406257459022,
        "unittests": 0.000394514124580871,
        "utils": 3.447046922869967e-05,
        "wasm": 0.0016431917203344774
    }
}