{
    "directory name": "llvm-project/polly/docs/experiments/matmul",
    "score.sum": 0.0013381399055764909,
    "sha.latest": "4ab3041acbdc274050d6c53f72619c7455cbc97a",
    "time.latest": 1717792855.0668733,
    "formatted_time": "2024-06-07 15:40:55.066877",
    "filescores": {
        "init_array___%for.cond1.preheader---%for.end19.jscop": 0.02007646631636598,
        "init_array___%for.cond1.preheader---%for.end19.jscop.interchanged": 0.0,
        "init_array___%for.cond1.preheader---%for.end19.jscop.interchanged+tiled": 0.0,
        "init_array___%for.cond1.preheader---%for.end19.jscop.interchanged+tiled+vector": 0.0,
        "main___%for.cond1.preheader---%for.end30.jscop": 0.02007646631636598,
        "main___%for.cond1.preheader---%for.end30.jscop.interchanged": 0.02007646631636598,
        "main___%for.cond1.preheader---%for.end30.jscop.interchanged+tiled": 0.02007646631636598,
        "main___%for.cond1.preheader---%for.end30.jscop.interchanged+tiled+vector": 0.02007646631636598,
        "matmul.c": 0.0,
        "matmul.ll": 0.049546134393528736,
        "matmul.normalopt.ll": 0.049546154923743785,
        "matmul.normalopt.s": 0.02007646631636598,
        "matmul.polly.interchanged+tiled+vector+openmp.ll": 0.049546154923743785,
        "matmul.polly.interchanged+tiled+vector+openmp.s": 0.02007646631636598,
        "matmul.polly.interchanged+tiled+vector.ll": 0.049546154923743785,
        "matmul.polly.interchanged+tiled+vector.s": 0.02007646631636598,
        "matmul.polly.interchanged+tiled.ll": 0.049546154923743785,
        "matmul.polly.interchanged+tiled.s": 0.02007646631636598,
        "matmul.polly.interchanged.ll": 0.049546154923743785,
        "matmul.polly.interchanged.s": 0.02007646631636598,
        "matmul.preopt.ll": 0.049546154923743785,
        "runall.sh": 0.020076486543774273,
        "scops.init_array.dot": 0.02007646631636598,
        "scops.init_array.dot.png": 0.02007646631636598,
        "scops.main.dot": 0.02007646631636598,
        "scops.main.dot.png": 0.02007646631636598,
        "scops.print_array.dot": 0.02007646631636598,
        "scops.print_array.dot.png": 0.02007646631636598,
        "scopsonly.init_array.dot": 0.02007646631636598,
        "scopsonly.init_array.dot.png": 0.02007646631636598,
        "scopsonly.main.dot": 0.02007646631636598,
        "scopsonly.main.dot.png": 0.02007646631636598,
        "scopsonly.print_array.dot": 0.02007646631636598,
        "scopsonly.print_array.dot.png": 0.02007646631636598
    },
    "subdirscores": {}
}