{
    "directory name": "llvm-project/mlir/include/mlir/Dialect/LLVMIR/Transforms",
    "score.sum": 0.004396168637937703,
    "sha.latest": "422b84a77167c43259e18cc3eff88b4b2530defc",
    "time.latest": 1717794908.3380089,
    "formatted_time": "2024-06-07 16:15:08.338012",
    "filescores": {
        "AddComdats.h": 0.0,
        "CMakeLists.txt": 0.026497111937320877,
        "DIExpressionLegalization.h": 0.0,
        "DIExpressionRewriter.h": 0.0,
        "LegalizeForExport.h": 0.07514229649319606,
        "OptimizeForNVVM.h": 0.060220139514980404,
        "Passes.h": 0.10292565860241251,
        "Passes.td": 0.17504088652334576,
        "RequestCWrappers.h": 0.05991006745223235,
        "TypeConsistency.h": 0.055176057886740494
    },
    "subdirscores": {}
}