{
    "directory name": "llvm-project/llvm/docs/PDB",
    "score.sum": 0.0001492810038703504,
    "sha.latest": "111fcb0df02db3db8bed1d5db6d911b7ce544d92",
    "time.latest": 1717801964.1049147,
    "formatted_time": "2024-06-07 18:12:44.104918",
    "filescores": {
        "CodeViewSymbols.rst": 8.167565314371519,
        "CodeViewTypes.rst": 7.976863980388313,
        "DbiStream.rst": 11.511250281381564,
        "GlobalStream.rst": 4.085986770392209,
        "HashTable.rst": 5.467537637725435,
        "ModiStream.rst": 8.032496946135229,
        "MsfFile.rst": 13.086041093531332,
        "PdbStream.rst": 6.050306434535381,
        "PublicStream.rst": 4.085986770392209,
        "TpiStream.rst": 15.445984994997971,
        "index.rst": 16.089979776148848
    },
    "subdirscores": {},
    "score.percentage": 0.22523313829156075
}