{
    "directory name": "llvm-project/mlir/include/mlir/Analysis/Presburger",
    "score.sum": 0.03391405406302029,
    "sha.latest": "2db8b9413862a159cd77ba47eda56abcda1b6dfd",
    "time.latest": 1717790851.4127817,
    "formatted_time": "2024-06-07 15:07:31.412785",
    "filescores": {
        "Barvinok.h": 0.04205589065193976,
        "Fraction.h": 0.12032549723489525,
        "GeneratingFunction.h": 0.028590522818287074,
        "IntegerRelation.h": 0.313803676737885,
        "LinearTransform.h": 0.0983511043529729,
        "MPInt.h": 0.03945544703531273,
        "Matrix.h": 0.4051681608724504,
        "PWMAFunction.h": 0.14376694970652407,
        "PresburgerRelation.h": 0.19465039499845876,
        "PresburgerSpace.h": 0.08213398081785955,
        "QuasiPolynomial.h": 0.033573968009844156,
        "Simplex.h": 0.5447582333218703,
        "SlowMPInt.h": 0.02007646631636598,
        "Utils.h": 0.20297823527542247
    },
    "subdirscores": {}
}