{
    "directory name": "llvm-project/llvm/unittests/CodeGen/GlobalISel",
    "score.sum": 0.04514049370775234,
    "sha.latest": "96049fcf4e5f2eb0271bdfa89e113eef9c5fa9f6",
    "time.latest": 1718079489.2861316,
    "formatted_time": "2024-06-10 23:18:09.286136",
    "filescores": {
        "CMakeLists.txt": 0.22242168902210455,
        "CSETest.cpp": 0.1777535368568979,
        "ConstantFoldingTest.cpp": 0.15737802657591698,
        "GISelAliasTest.cpp": 0.03613905447373412,
        "GISelMITest.cpp": 0.04659877271677521,
        "GISelMITest.h": 0.11190146357727608,
        "GISelUtilsTest.cpp": 0.07336315990017854,
        "KnownBitsTest.cpp": 0.4100836873469997,
        "KnownBitsVectorTest.cpp": 0.06964384331868646,
        "LegalizerHelperTest.cpp": 0.6207324032599498,
        "LegalizerInfoTest.cpp": 0.19753966593910854,
        "LegalizerTest.cpp": 0.1557519464873556,
        "MachineIRBuilderTest.cpp": 0.18848718185587562,
        "PatternMatchTest.cpp": 0.40723937293273904
    },
    "subdirscores": {}
}