{
    "directory name": "llvm-project/libc/src/stdlib",
    "score.sum": 0.013884938099342105,
    "sha.latest": "ea697dcc2ad9e6a1cc313d792b485d9218a943a1",
    "time.latest": 1717840098.0633452,
    "formatted_time": "2024-06-08 04:48:18.063348",
    "filescores": {
        "CMakeLists.txt": 0.4291186057553668,
        "_Exit.cpp": 0.02007646631636598,
        "_Exit.h": 0.04059928915449851,
        "abort.h": 0.04059928915449851,
        "abs.cpp": 0.029565372373568835,
        "abs.h": 0.02007646631636598,
        "atexit.cpp": 0.06660021295480278,
        "atexit.h": 0.02601289575763814,
        "atof.cpp": 0.04841735408896583,
        "atof.h": 0.040010440829406614,
        "atoi.cpp": 0.061985526542755506,
        "atoi.h": 0.02007646631636598,
        "atol.cpp": 0.06178859321292867,
        "atol.h": 0.02007646631636598,
        "atoll.cpp": 0.04922252345653385,
        "atoll.h": 0.02007646631636598,
        "bsearch.cpp": 0.02007646631636598,
        "bsearch.h": 0.040015543193246364,
        "div.cpp": 0.022219417873120928,
        "div.h": 0.04001600784160321,
        "exit.cpp": 0.05196468371052891,
        "exit.h": 0.05571981570137211,
        "free.h": 0.02007646631636598,
        "getenv.cpp": 0.04849375933071473,
        "getenv.h": 0.02007646631636598,
        "labs.cpp": 0.029565372373568835,
        "labs.h": 0.02007646631636598,
        "ldiv.cpp": 0.022219417873120928,
        "ldiv.h": 0.04001600784160321,
        "llabs.cpp": 0.029565372373568835,
        "llabs.h": 0.02007646631636598,
        "lldiv.cpp": 0.022219417873120928,
        "lldiv.h": 0.04001600784160321,
        "malloc.h": 0.022391433373520665,
        "qsort.cpp": 0.06255184016423622,
        "qsort.h": 0.02007646631636598,
        "qsort_r.cpp": 0.02007646631636598,
        "qsort_r.h": 0.02007646631636598,
        "qsort_util.h": 0.02007646631636598,
        "rand.cpp": 0.05703663846036716,
        "rand.h": 0.03987021149727177,
        "rand_util.cpp": 0.06934462282761114,
        "rand_util.h": 0.05122100516396064,
        "srand.cpp": 0.02007646631636598,
        "srand.h": 0.03987021149727177,
        "strtod.cpp": 0.04841735408896583,
        "strtod.h": 0.02007646631636598,
        "strtof.cpp": 0.04841735408896583,
        "strtof.h": 0.02007646631636598,
        "strtol.cpp": 0.049298182290640986,
        "strtol.h": 0.02007646631636598,
        "strtold.cpp": 0.047405633675415296,
        "strtold.h": 0.02007646631636598,
        "strtoll.cpp": 0.04968651400758208,
        "strtoll.h": 0.02007646631636598,
        "strtoul.cpp": 0.049298182290640986,
        "strtoul.h": 0.02007646631636598,
        "strtoull.cpp": 0.049298182290640986,
        "strtoull.h": 0.02007646631636598
    },
    "subdirscores": {
        "baremetal": 0.00031720873550238375,
        "gpu": 0.0006671043317467895,
        "linux": 0.0017404733444095267
    }
}