{
    "directory name": "llvm-project/mlir/unittests",
    "score.sum": 0.0025809662084214516,
    "sha.latest": "3ceebcb48135612b8d90500f65693398f7e526cd",
    "time.latest": 1717836710.015226,
    "formatted_time": "2024-06-08 03:51:50.015226",
    "filescores": {
        "CMakeLists.txt": 3.4319160331847205
    },
    "subdirscores": {
        "Analysis": 23.545311139679647,
        "Bytecode": 1.189723974034856,
        "Conversion": 0.5772483878026042,
        "Debug": 0.46289195217542956,
        "Dialect": 21.54931273050642,
        "ExecutionEngine": 3.6529442409106245,
        "IR": 19.422707529635115,
        "Interfaces": 5.823976312673103,
        "Parser": 0.651877973435084,
        "Pass": 5.682340926790174,
        "Rewrite": 0.2510432879659543,
        "Support": 2.2860036345747354,
        "TableGen": 8.060351148823859,
        "Target": 1.966354451033319,
        "Transforms": 1.445996276774368
    },
    "score.percentage": 2.0217702310636807
}