{
    "directory name": "llvm-project/mlir/unittests",
    "score.sum": 0.1293259632696611,
    "sha.latest": "3ceebcb48135612b8d90500f65693398f7e526cd",
    "time.latest": 1717836710.015226,
    "formatted_time": "2024-06-08 03:51:50.015226",
    "filescores": {
        "CMakeLists.txt": 0.2915444266817247
    },
    "subdirscores": {
        "Analysis": 0.03160315112843631,
        "Bytecode": 0.0015968795795262935,
        "Conversion": 0.0007747983422324875,
        "Debug": 0.0006213060525704334,
        "Dialect": 0.028924068273977234,
        "ExecutionEngine": 0.00490308020243984,
        "IR": 0.02606968146401092,
        "Interfaces": 0.007817097955765028,
        "Parser": 0.0008749681832426211,
        "Pass": 0.007626991123936027,
        "Rewrite": 0.00033695706641129376,
        "Support": 0.0030683356832719695,
        "TableGen": 0.010818820528358135,
        "Target": 0.0026392939349760025,
        "Transforms": 0.0019408551704820803
    }
}