{
    "directory name": "llvm-project/libcxx/benchmarks",
    "score.sum": 0.0008184399600979613,
    "sha.latest": "69279a8413e08dd24168bad961975e79a50d9c19",
    "time.latest": 1717823147.7496924,
    "formatted_time": "2024-06-08 10:35:47.749696",
    "filescores": {
        "algorithms.partition_point.bench.cpp": 1.367577134749811,
        "allocation.bench.cpp": 1.8935217157077016,
        "atomic_wait.bench.cpp": 0.0,
        "atomic_wait_vs_mutex_lock.bench.cpp": 0.0,
        "CartesianBenchmarks.h": 0.7791358931872746,
        "CMakeLists.txt": 40.73257771546903,
        "ContainerBenchmarks.h": 7.405867483948087,
        "deque.bench.cpp": 3.3072385528212886,
        "deque_iterator.bench.cpp": 0.0,
        "exception_ptr.bench.cpp": 0.0,
        "filesystem.bench.cpp": 3.3372056628177362,
        "format.bench.cpp": 0.0,
        "formatted_size.bench.cpp": 0.0,
        "formatter_float.bench.cpp": 1.2544503487855847,
        "formatter_int.bench.cpp": 0.7452717812215719,
        "format_to.bench.cpp": 0.7452717812215719,
        "format_to_n.bench.cpp": 0.7452717812215719,
        "function.bench.cpp": 0.9382024505128674,
        "GenerateInput.h": 1.9468538078697515,
        "join_view.bench.cpp": 0.0,
        "lexicographical_compare_three_way.bench.cpp": 0.0,
        "lit.cfg.py": 0.7452717812215719,
        "lit.site.cfg.py.in": 0.0,
        "map.bench.cpp": 0.7452717812215719,
        "monotonic_buffer.bench.cpp": 0.7452717812215719,
        "ordered_set.bench.cpp": 0.9186476196756013,
        "random.bench.cpp": 0.7452717812215719,
        "std_format_spec_string_unicode.bench.cpp": 0.7452717812215719,
        "stop_token.bench.cpp": 0.7452717812215719,
        "string.bench.cpp": 2.9980350151740054,
        "stringstream.bench.cpp": 3.1494801219832764,
        "system_error.bench.cpp": 0.0,
        "to_chars.bench.cpp": 0.0,
        "unordered_set_operations.bench.cpp": 4.633072658003258,
        "Utilities.h": 0.7452717812215719,
        "util_smartptr.bench.cpp": 1.5997174678516124,
        "VariantBenchmarks.h": 0.7452717812215719,
        "variant_visit_1.bench.cpp": 0.0,
        "variant_visit_2.bench.cpp": 0.0,
        "variant_visit_3.bench.cpp": 0.0,
        "vector_operations.bench.cpp": 7.179839373607531
    },
    "subdirscores": {
        "algorithms": 7.615315603176695,
        "libcxxabi": 0.7452717812215719
    },
    "score.percentage": 0.8788033733281359
}