{
    "directory name": "llvm-project/libcxx/benchmarks",
    "score.sum": 0.03024534940571474,
    "sha.latest": "69279a8413e08dd24168bad961975e79a50d9c19",
    "time.latest": 1717823147.7496924,
    "formatted_time": "2024-06-08 10:35:47.749696",
    "filescores": {
        "algorithms.partition_point.bench.cpp": 0.0368404077178847,
        "allocation.bench.cpp": 0.05100853930414833,
        "atomic_wait.bench.cpp": 0.0,
        "atomic_wait_vs_mutex_lock.bench.cpp": 0.0,
        "CartesianBenchmarks.h": 0.020988712989785843,
        "CMakeLists.txt": 1.0972724918458288,
        "ContainerBenchmarks.h": 0.19950258795690218,
        "deque.bench.cpp": 0.08909187906869549,
        "deque_iterator.bench.cpp": 0.0,
        "exception_ptr.bench.cpp": 0.0,
        "filesystem.bench.cpp": 0.08989914655097742,
        "format.bench.cpp": 0.0,
        "formatted_size.bench.cpp": 0.0,
        "formatter_float.bench.cpp": 0.03379294749583411,
        "formatter_int.bench.cpp": 0.02007646631636598,
        "format_to.bench.cpp": 0.02007646631636598,
        "format_to_n.bench.cpp": 0.02007646631636598,
        "function.bench.cpp": 0.025273719427267107,
        "GenerateInput.h": 0.05244522318089154,
        "join_view.bench.cpp": 0.0,
        "lexicographical_compare_three_way.bench.cpp": 0.0,
        "lit.cfg.py": 0.02007646631636598,
        "lit.site.cfg.py.in": 0.0,
        "map.bench.cpp": 0.02007646631636598,
        "monotonic_buffer.bench.cpp": 0.02007646631636598,
        "ordered_set.bench.cpp": 0.02474694260233069,
        "random.bench.cpp": 0.02007646631636598,
        "std_format_spec_string_unicode.bench.cpp": 0.02007646631636598,
        "stop_token.bench.cpp": 0.02007646631636598,
        "string.bench.cpp": 0.08076241515379742,
        "stringstream.bench.cpp": 0.0848421115306697,
        "system_error.bench.cpp": 0.0,
        "to_chars.bench.cpp": 0.0,
        "unordered_set_operations.bench.cpp": 0.1248077942884365,
        "Utilities.h": 0.02007646631636598,
        "util_smartptr.bench.cpp": 0.04309390838115843,
        "VariantBenchmarks.h": 0.02007646631636598,
        "variant_visit_1.bench.cpp": 0.0,
        "variant_visit_2.bench.cpp": 0.0,
        "variant_visit_3.bench.cpp": 0.0,
        "vector_operations.bench.cpp": 0.1934137410984232
    },
    "subdirscores": {
        "algorithms": 0.0032412935707504978,
        "libcxxabi": 0.00031720873550238375
    }
}