{
    "directory name": "llvm-project/llvm/lib/Target/XCore",
    "score.sum": 0.1141624060768062,
    "sha.latest": "fe42e72db29e48aa81eac2aa922afd90a7f01517",
    "time.latest": 1717873319.3749492,
    "formatted_time": "2024-06-08 14:01:59.374953",
    "filescores": {
        "CMakeLists.txt": 0.23916136387917433,
        "README.txt": 0.025759810828818272,
        "XCore.h": 0.16323125990613593,
        "XCore.td": 0.05104605684664354,
        "XCoreAsmPrinter.cpp": 0.9396552473257466,
        "XCoreCallingConv.td": 0.055819996390386296,
        "XCoreFrameLowering.cpp": 0.6442260353031186,
        "XCoreFrameLowering.h": 0.18100137857770568,
        "XCoreFrameToArgsOffsetElim.cpp": 0.09654807608908175,
        "XCoreISelDAGToDAG.cpp": 0.47024557807950307,
        "XCoreISelLowering.cpp": 2.005142003556525,
        "XCoreISelLowering.h": 0.5649930504645204,
        "XCoreInstrFormats.td": 0.190939066905707,
        "XCoreInstrInfo.cpp": 0.5022995073978567,
        "XCoreInstrInfo.h": 0.26546657611260843,
        "XCoreInstrInfo.td": 0.7000006744181955,
        "XCoreLowerThreadLocal.cpp": 0.2308502168255705,
        "XCoreMCInstLower.cpp": 0.06943178794371048,
        "XCoreMCInstLower.h": 0.0798735167260549,
        "XCoreMachineFunctionInfo.cpp": 0.12739038604774203,
        "XCoreMachineFunctionInfo.h": 0.18585646963182134,
        "XCoreRegisterInfo.cpp": 0.4655814432199602,
        "XCoreRegisterInfo.h": 0.28614295484915575,
        "XCoreRegisterInfo.td": 0.0805077973100729,
        "XCoreSelectionDAGInfo.cpp": 0.1839548600110138,
        "XCoreSelectionDAGInfo.h": 0.14362555970525273,
        "XCoreSubtarget.cpp": 0.27541924001044715,
        "XCoreSubtarget.h": 0.1888774151741015,
        "XCoreTargetMachine.cpp": 0.8214318671374127,
        "XCoreTargetMachine.h": 0.46032339242571013,
        "XCoreTargetObjectFile.cpp": 0.2511616066241284,
        "XCoreTargetObjectFile.h": 0.19017724627172006,
        "XCoreTargetStreamer.h": 0.0418899345990333,
        "XCoreTargetTransformInfo.h": 0.10098280323530358
    },
    "subdirscores": {
        "Disassembler": 0.005072924114420378,
        "MCTargetDesc": 0.01056728256231354,
        "TargetInfo": 0.004104602335164359
    }
}