{
    "directory name": "llvm-project/mlir/lib/IR",
    "score.sum": 0.003275709182243089,
    "sha.latest": "fab2bb8bfda865bd438dee981d7be7df8017b76d",
    "time.latest": 1717810932.3746862,
    "formatted_time": "2024-06-07 20:42:12.374690",
    "filescores": {
        "AffineExpr.cpp": 0.00015329532369057715,
        "AffineExprDetail.h": 1.3188119710991208e-05,
        "AffineMap.cpp": 0.0002345022455859119,
        "AffineMapDetail.h": 2.2023439442569995e-05,
        "AsmPrinter.cpp": 0.0007942687985210778,
        "AttrTypeSubElements.cpp": 0,
        "AttributeDetail.h": 7.680662818111884e-05,
        "Attributes.cpp": 0.00011630872701104255,
        "Block.cpp": 0.00011924698691604634,
        "Builders.cpp": 0.00025494414663140803,
        "BuiltinAttributeInterfaces.cpp": 1.596747477681452e-05,
        "BuiltinAttributes.cpp": 0.0002517535107692145,
        "BuiltinDialect.cpp": 9.129288516996901e-05,
        "BuiltinDialectBytecode.cpp": 2.0280927791400103e-05,
        "BuiltinDialectBytecode.h": 0,
        "BuiltinTypeInterfaces.cpp": 1.4380866393503889e-05,
        "BuiltinTypes.cpp": 0.0002019100795947107,
        "CMakeLists.txt": 0.00017340756416378496,
        "Diagnostics.cpp": 0.0001333676069302204,
        "Dialect.cpp": 0.00014994628451495533,
        "DialectResourceBlobManager.cpp": 1.2192530516365309e-05,
        "Dominance.cpp": 1.8385390136418405e-05,
        "ExtensibleDialect.cpp": 3.3246168539095216e-05,
        "IntegerSet.cpp": 1.574256048560821e-05,
        "IntegerSetDetail.h": 1.5707199297599593e-05,
        "Location.cpp": 5.242025368859639e-05,
        "MLIRContext.cpp": 0.00045458345363154416,
        "ODSSupport.cpp": 2.1986417075194564e-05,
        "Operation.cpp": 0.00045099009097347595,
        "OperationSupport.cpp": 0.0002890793522067285,
        "PatternMatch.cpp": 0.00019720882953174867,
        "Region.cpp": 5.759075578646635e-05,
        "RegionKindInterface.cpp": 1.119655773372417e-05,
        "SymbolTable.cpp": 0.000178722429699381,
        "TensorEncoding.cpp": 0,
        "TypeDetail.h": 4.87069572155328e-05,
        "TypeRange.cpp": 1.2280995494718012e-05,
        "TypeUtilities.cpp": 4.697333397643777e-05,
        "Types.cpp": 7.382714840332534e-05,
        "Unit.cpp": 6.099602068851199e-06,
        "Value.cpp": 7.407489646142858e-05,
        "ValueRange.cpp": 0,
        "Verifier.cpp": 9.197483530721173e-05,
        "Visitors.cpp": 3.6088172939494916e-05
    },
    "subdirscores": {
        "PDL": 6.406929488447478e-06
    }
}