{
    "directory name": "llvm-project/libclc/generic/lib/geometric",
    "score.sum": 5.5505913667853314e-05,
    "sha.latest": "70a270da5f4a27b670cba1cb8148fcce5c094f4f",
    "time.latest": 1717828764.047431,
    "formatted_time": "2024-06-08 01:39:24.047434",
    "filescores": {
        "cross.cl": 10.989103080711617,
        "distance.cl": 10.989103080711617,
        "distance.inc": 0.0,
        "dot.cl": 11.659722330812818,
        "fast_distance.cl": 10.989103080711617,
        "fast_distance.inc": 0.0,
        "fast_length.cl": 10.989103080711617,
        "fast_normalize.cl": 0.0,
        "fast_normalize.inc": 0.0,
        "length.cl": 22.319290792330683,
        "normalize.cl": 22.06457455401003
    },
    "subdirscores": {}
}