{
    "directory name": "llvm-project/llvm/lib/Target/AMDGPU/Utils",
    "score.sum": 0.08062526256321434,
    "sha.latest": "e963d0740e64fc70b4018f39325469d204f6217a",
    "time.latest": 1717850001.7235167,
    "formatted_time": "2024-06-08 07:33:21.723520",
    "filescores": {
        "AMDGPUAsmUtils.cpp": 0.2843565258330713,
        "AMDGPUAsmUtils.h": 0.18496839763114198,
        "AMDGPUBaseInfo.cpp": 3.7567303954470366,
        "AMDGPUBaseInfo.h": 2.998034451380012,
        "AMDGPUMemoryUtils.cpp": 0.09351050238329027,
        "AMDGPUMemoryUtils.h": 0.09117667394900349,
        "AMDGPUPALMetadata.cpp": 0.20527149745347859,
        "AMDGPUPALMetadata.h": 0.10896934530274982,
        "AMDKernelCodeTInfo.h": 0.0960390383696813,
        "AMDKernelCodeTUtils.cpp": 0.07052715840307662,
        "AMDKernelCodeTUtils.h": 0.040476752970528995,
        "CMakeLists.txt": 0.2011907824692218
    },
    "subdirscores": {}
}