{
    "directory name": "llvm-project/clang/lib/Driver/ToolChains/Arch",
    "score.sum": 0.001761629391975306,
    "sha.latest": "a87dc23a6271cadd6d3f93561f2d8b1661399e6d",
    "time.latest": 1717810069.0117042,
    "formatted_time": "2024-06-08 06:57:49.011706",
    "filescores": {
        "AArch64.cpp": 21.020414756761287,
        "AArch64.h": 2.522653070109357,
        "ARM.cpp": 19.403707048805845,
        "ARM.h": 5.331119998428853,
        "CSKY.cpp": 2.379174952227427,
        "CSKY.h": 0.34624774635553435,
        "LoongArch.cpp": 3.3739174750940064,
        "LoongArch.h": 0.5541722927025696,
        "M68k.cpp": 0.6923820104883947,
        "M68k.h": 0.34624774635553435,
        "Mips.cpp": 3.7656714730172562,
        "Mips.h": 1.216325522337831,
        "PPC.cpp": 5.573487557110214,
        "PPC.h": 1.3955441231159624,
        "RISCV.cpp": 14.796249360016247,
        "RISCV.h": 0.9678815886459987,
        "Sparc.cpp": 2.1631984244752087,
        "Sparc.h": 0.7055005726839648,
        "SystemZ.cpp": 1.4770210660336465,
        "SystemZ.h": 0.8983390788315609,
        "VE.cpp": 0.602494307430425,
        "VE.h": 0.36749749975855167,
        "X86.cpp": 9.18294038992477,
        "X86.h": 0.917811939289541
    },
    "subdirscores": {},
    "score.percentage": 7.590112493166114
}