{
    "directory name": "llvm-project/clang/lib/Driver/ToolChains/Arch",
    "score.sum": 0.0013382586368109516,
    "sha.latest": "a87dc23a6271cadd6d3f93561f2d8b1661399e6d",
    "time.latest": 1717810069.0117042,
    "formatted_time": "2024-06-08 06:57:49.011706",
    "filescores": {
        "AArch64.cpp": 0.00037030180467022137,
        "AArch64.h": 4.443979794061385e-05,
        "ARM.cpp": 0.00034182140650454803,
        "ARM.h": 9.391457681379613e-05,
        "CSKY.cpp": 4.19122452449528e-05,
        "CSKY.h": 6.099602068851199e-06,
        "LoongArch.cpp": 5.9435921902247144e-05,
        "LoongArch.h": 9.76246199043189e-06,
        "M68k.cpp": 1.2197205001513107e-05,
        "M68k.h": 6.099602068851199e-06,
        "Mips.cpp": 6.633717547390144e-05,
        "Mips.h": 2.1427147903600398e-05,
        "PPC.cpp": 9.818419496414e-05,
        "PPC.h": 2.4584315450794847e-05,
        "RISCV.cpp": 0.00026065507763600433,
        "RISCV.h": 1.7050486545105438e-05,
        "Sparc.cpp": 3.810753925230202e-05,
        "Sparc.h": 1.2428305448954831e-05,
        "SystemZ.cpp": 2.601963722491571e-05,
        "SystemZ.h": 1.5825405252296993e-05,
        "VE.cpp": 1.0613716804672427e-05,
        "VE.h": 6.473943970521025e-06,
        "X86.cpp": 0.0001617693769564865,
        "X86.h": 1.6168444885583104e-05
    },
    "subdirscores": {}
}