{
    "directory name": "llvm-project/clang/lib/Driver/ToolChains/Arch",
    "score.sum": 0.06959590562895486,
    "sha.latest": "a87dc23a6271cadd6d3f93561f2d8b1661399e6d",
    "time.latest": 1717810069.0117042,
    "formatted_time": "2024-06-08 06:57:49.011706",
    "filescores": {
        "AArch64.cpp": 1.2188256913211097,
        "AArch64.h": 0.14627087085188828,
        "ARM.cpp": 1.125084206549543,
        "ARM.h": 0.309114072809188,
        "CSKY.cpp": 0.13795158608798294,
        "CSKY.h": 0.02007646631636598,
        "LoongArch.cpp": 0.19562969363956612,
        "LoongArch.h": 0.03213254522235135,
        "M68k.cpp": 0.040146352598507906,
        "M68k.h": 0.02007646631636598,
        "Mips.cpp": 0.2183447467377944,
        "Mips.h": 0.07052614388391501,
        "PPC.cpp": 0.3231672592320964,
        "PPC.h": 0.0809177673375268,
        "RISCV.cpp": 0.8579302104103639,
        "RISCV.h": 0.056120631302909264,
        "Sparc.cpp": 0.12542862953394737,
        "Sparc.h": 0.040907005555272796,
        "SystemZ.cpp": 0.08564204097472677,
        "SystemZ.h": 0.05208835132263324,
        "VE.cpp": 0.03493439826322739,
        "VE.h": 0.02130858973931152,
        "X86.cpp": 0.5324539881169815,
        "X86.h": 0.05321744524795947
    },
    "subdirscores": {}
}