{
    "directory name": "llvm-project/mlir/include/mlir",
    "score.sum": 0.029157830585532465,
    "sha.latest": "3ec1f25f3cf9346590892397ec9ddd859397d363",
    "time.latest": 1717801097.1259265,
    "formatted_time": "2024-06-07 17:58:17.125927",
    "filescores": {
        "CMakeLists.txt": 3.68354697915536e-05,
        "InitAllDialects.h": 0.0004636769036898173,
        "InitAllExtensions.h": 3.5110834353958205e-05,
        "InitAllPasses.h": 0.00018817241297357354,
        "InitAllTranslations.h": 2.7241843748143418e-05
    },
    "subdirscores": {
        "Analysis": 0.0014088377415812244,
        "AsmParser": 2.3401010151743902e-05,
        "Bindings": 9.717392210095042e-05,
        "Bytecode": 0.0001108048015643536,
        "CAPI": 7.388035899128783e-05,
        "Config": 4.4775833028304944e-05,
        "Conversion": 0.0017004501511133322,
        "Debug": 3.059682097016057e-05,
        "Dialect": 0.02028959268541443,
        "ExecutionEngine": 0.000871762494125798,
        "IR": 0.0048762899122011625,
        "Interfaces": 0.001053938504548273,
        "Parser": 6.195769067734387e-05,
        "Pass": 0.0003585125014268425,
        "Query": 3.0250889755478994e-05,
        "Reducer": 7.780539151107447e-05,
        "Rewrite": 4.113301428432112e-05,
        "Support": 0.0006481879167558114,
        "TableGen": 0.0005944353838937306,
        "Target": 0.0005264374943866338,
        "Tools": 0.00029001758000644565,
        "Transforms": 0.0012234305911470729
    }
}