{
    "directory name": "llvm-project/mlir/include/mlir",
    "score.sum": 1.516347864274934,
    "sha.latest": "3ec1f25f3cf9346590892397ec9ddd859397d363",
    "time.latest": 1717801097.1259265,
    "formatted_time": "2024-06-07 17:58:17.125927",
    "filescores": {
        "CMakeLists.txt": 0.1212416908791765,
        "InitAllDialects.h": 1.5261641060395843,
        "InitAllExtensions.h": 0.11556515905299192,
        "InitAllPasses.h": 0.6193579627145704,
        "InitAllTranslations.h": 0.08966485882714535
    },
    "subdirscores": {
        "Analysis": 0.07326635959043519,
        "AsmParser": 0.0012169654275678316,
        "Bindings": 0.005053512771080673,
        "Bytecode": 0.0057623842662314845,
        "CAPI": 0.0038421351080862288,
        "Config": 0.002328559341355449,
        "Conversion": 0.08843161178891264,
        "Debug": 0.0015911823067771707,
        "Dialect": 1.0551567080852033,
        "ExecutionEngine": 0.04533585556871098,
        "IR": 0.2535906014084761,
        "Interfaces": 0.054809887030547996,
        "Parser": 0.0032220988340817503,
        "Pass": 0.018644379740795775,
        "Query": 0.0015731922146463551,
        "Reducer": 0.004046255735686735,
        "Rewrite": 0.002139115191655185,
        "Support": 0.03370889889555699,
        "TableGen": 0.030913507854180042,
        "Target": 0.02737728953962376,
        "Tools": 0.015082313368785485,
        "Transforms": 0.06362429325914838
    }
}