{
    "directory name": "llvm-project/llvm/include/llvm",
    "score.sum": 0.20517354295622048,
    "sha.latest": "fab2bb8bfda865bd438dee981d7be7df8017b76d",
    "time.latest": 1717826812.4748385,
    "formatted_time": "2024-06-08 01:06:52.474839",
    "filescores": {
        "CMakeLists.txt": 0.06130217356141177,
        "InitializePasses.h": 1.28567203285664,
        "LinkAllIR.h": 0.018591291501933806,
        "LinkAllPasses.h": 0.6472428412938833,
        "Pass.h": 0.2074653862282417,
        "PassAnalysisSupport.h": 0.10509149584358207,
        "PassInfo.h": 0.014947551953185704,
        "PassRegistry.h": 0.023179782762282497,
        "PassSupport.h": 0.13448772345387536
    },
    "subdirscores": {
        "ADT": 6.453375472079948,
        "Analysis": 11.762473254386704,
        "AsmParser": 0.24557670471240314,
        "BinaryFormat": 0.9294685690111154,
        "Bitcode": 0.9017849195372092,
        "Bitstream": 0.06649879810186647,
        "CodeGen": 19.204557265706377,
        "CodeGenTypes": 0.002972898932759922,
        "Config": 0.7259710662287048,
        "DWARFLinker": 0.18371605230354485,
        "DWP": 0.011707120035755247,
        "DebugInfo": 2.78812687029951,
        "Debuginfod": 0.02773856969872213,
        "Demangle": 0.4024643637009788,
        "ExecutionEngine": 3.3671496354695782,
        "FileCheck": 0.010679967455734973,
        "Frontend": 0.73773309721364,
        "FuzzMutate": 0.07579849916946244,
        "IR": 10.892125874660236,
        "IRPrinter": 0.0037637209227703774,
        "IRReader": 0.04192657188630543,
        "InterfaceStub": 0.02521967984886413,
        "LTO": 0.49040400528831485,
        "LineEditor": 0.012471365462844358,
        "Linker": 0.04594706522820253,
        "MC": 4.025835334735558,
        "MCA": 0.14513637888717687,
        "ObjCopy": 0.02779824213248794,
        "Object": 2.3703274975912443,
        "ObjectYAML": 0.4856176378926764,
        "Option": 0.28267395826836134,
        "Passes": 0.39290549462229296,
        "ProfileData": 1.2344837315060888,
        "Remarks": 0.04892001638645045,
        "Support": 12.304256854078728,
        "TableGen": 0.48529418304884403,
        "Target": 6.493531377556589,
        "TargetParser": 0.2591811346086239,
        "Testing": 0.06762758727215029,
        "TextAPI": 0.16629989461938638,
        "ToolDrivers": 0.009123017028610443,
        "Transforms": 9.222717055243798,
        "WindowsDriver": 0.01155192192490384,
        "WindowsManifest": 0.006862218278707177,
        "WindowsResource": 0.002972898932759922,
        "XRay": 0.04925187858796346
    }
}