{
    "directory name": "llvm-project/llvm/include/llvm/DebugInfo/PDB",
    "score.sum": 0.0016898626949022736,
    "sha.latest": "ab20f23e7e65c7b19469e7d6e438ea14e22b9fff",
    "time.latest": 1717814462.2101326,
    "formatted_time": "2024-06-07 21:41:02.210136",
    "filescores": {
        "ConcreteSymbolEnumerator.h": 1.2420417805046193,
        "GenericError.h": 2.023043252993107,
        "IPDBDataStream.h": 0.9121907352092479,
        "IPDBEnumChildren.h": 1.8947742235811447,
        "IPDBFrameData.h": 0.36655150598837394,
        "IPDBInjectedSource.h": 0.7197338480979878,
        "IPDBLineNumber.h": 1.125014493900032,
        "IPDBRawSymbol.h": 3.2181077140967593,
        "IPDBSectionContrib.h": 0.36095252515198845,
        "IPDBSession.h": 4.686458361252567,
        "IPDBSourceFile.h": 0.6438609999674938,
        "IPDBTable.h": 0.36095252515198845,
        "PDB.h": 0.8318579467332927,
        "PDBContext.h": 1.4186614592848708,
        "PDBExtras.h": 3.7041784267966964,
        "PDBSymDumper.h": 0.7299688450584397,
        "PDBSymbol.h": 2.9632481346805,
        "PDBSymbolAnnotation.h": 0.9716931814898035,
        "PDBSymbolBlock.h": 1.0829754694568967,
        "PDBSymbolCompiland.h": 1.5577264835181674,
        "PDBSymbolCompilandDetails.h": 1.2904237183429217,
        "PDBSymbolCompilandEnv.h": 0.9830742283597536,
        "PDBSymbolCustom.h": 0.8727118564415166,
        "PDBSymbolData.h": 1.1467175007137822,
        "PDBSymbolExe.h": 1.0610580991588763,
        "PDBSymbolFunc.h": 1.7729428440079413,
        "PDBSymbolFuncDebugEnd.h": 1.3368280606888208,
        "PDBSymbolFuncDebugStart.h": 1.3368280606888208,
        "PDBSymbolLabel.h": 1.3368280606888208,
        "PDBSymbolPublicSymbol.h": 1.3368280606888208,
        "PDBSymbolThunk.h": 1.3989776658291588,
        "PDBSymbolTypeArray.h": 1.4504755091883421,
        "PDBSymbolTypeBaseClass.h": 1.448490610621414,
        "PDBSymbolTypeBuiltin.h": 1.3368280606888208,
        "PDBSymbolTypeCustom.h": 1.2255457727217278,
        "PDBSymbolTypeDimension.h": 1.2255457727217278,
        "PDBSymbolTypeEnum.h": 1.6867660596767846,
        "PDBSymbolTypeFriend.h": 1.3368280606888208,
        "PDBSymbolTypeFunctionArg.h": 1.3368280606888208,
        "PDBSymbolTypeFunctionSig.h": 1.2664274965302633,
        "PDBSymbolTypeManaged.h": 1.2255457727217278,
        "PDBSymbolTypePointer.h": 1.7966518785444112,
        "PDBSymbolTypeTypedef.h": 1.3368280606888208,
        "PDBSymbolTypeUDT.h": 1.4407928527824017,
        "PDBSymbolTypeVTable.h": 1.448490610621414,
        "PDBSymbolTypeVTableShape.h": 1.3368280606888208,
        "PDBSymbolUnknown.h": 1.172863218511194,
        "PDBSymbolUsingNamespace.h": 1.3368280606888208,
        "PDBTypes.h": 4.870262782245298,
        "UDTLayout.h": 0.5134535707813329
    },
    "subdirscores": {
        "DIA": 6.357848472003471,
        "Native": 20.162661187672345
    }
}