{
    "directory name": "llvm-project/llvm/include/llvm/DebugInfo/PDB",
    "score.sum": 0.0008958024075231616,
    "sha.latest": "ab20f23e7e65c7b19469e7d6e438ea14e22b9fff",
    "time.latest": 1717814462.2101326,
    "formatted_time": "2024-06-07 21:41:02.210136",
    "filescores": {
        "ConcreteSymbolEnumerator.h": 2.098880070384754e-05,
        "GenericError.h": 3.418665323406793e-05,
        "IPDBDataStream.h": 1.541477094065586e-05,
        "IPDBEnumChildren.h": 3.201908275692196e-05,
        "IPDBFrameData.h": 6.194217157300005e-06,
        "IPDBInjectedSource.h": 1.2162513801592492e-05,
        "IPDBLineNumber.h": 1.9011200244660254e-05,
        "IPDBRawSymbol.h": 5.438160174229346e-05,
        "IPDBSectionContrib.h": 6.099602068851199e-06,
        "IPDBSession.h": 7.919471155893557e-05,
        "IPDBSourceFile.h": 1.0880366845475418e-05,
        "IPDBTable.h": 6.099602068851199e-06,
        "PDB.h": 1.4057257116425941e-05,
        "PDBContext.h": 2.397343076741124e-05,
        "PDBExtras.h": 6.259552938705529e-05,
        "PDBSymDumper.h": 1.2335471197051552e-05,
        "PDBSymbol.h": 5.007482478535325e-05,
        "PDBSymbolAnnotation.h": 1.6420280582905236e-05,
        "PDBSymbolBlock.h": 1.8300798453294863e-05,
        "PDBSymbolCompiland.h": 2.6323438733586525e-05,
        "PDBSymbolCompilandDetails.h": 2.180638902244782e-05,
        "PDBSymbolCompilandEnv.h": 1.6612604648249864e-05,
        "PDBSymbolCustom.h": 1.4747632095994274e-05,
        "PDBSymbolData.h": 1.937795126047792e-05,
        "PDBSymbolExe.h": 1.7930424988925026e-05,
        "PDBSymbolFunc.h": 2.996029972282961e-05,
        "PDBSymbolFuncDebugEnd.h": 2.259055869256591e-05,
        "PDBSymbolFuncDebugStart.h": 2.259055869256591e-05,
        "PDBSymbolLabel.h": 2.259055869256591e-05,
        "PDBSymbolPublicSymbol.h": 2.259055869256591e-05,
        "PDBSymbolThunk.h": 2.364080168486155e-05,
        "PDBSymbolTypeArray.h": 2.4511044528467593e-05,
        "PDBSymbolTypeBaseClass.h": 2.4477502468053425e-05,
        "PDBSymbolTypeBuiltin.h": 2.259055869256591e-05,
        "PDBSymbolTypeCustom.h": 2.0710040822176284e-05,
        "PDBSymbolTypeDimension.h": 2.0710040822176284e-05,
        "PDBSymbolTypeEnum.h": 2.8504030392751006e-05,
        "PDBSymbolTypeFriend.h": 2.259055869256591e-05,
        "PDBSymbolTypeFunctionArg.h": 2.259055869256591e-05,
        "PDBSymbolTypeFunctionSig.h": 2.1400885821849705e-05,
        "PDBSymbolTypeManaged.h": 2.0710040822176284e-05,
        "PDBSymbolTypePointer.h": 3.0360949852782912e-05,
        "PDBSymbolTypeTypedef.h": 2.259055869256591e-05,
        "PDBSymbolTypeUDT.h": 2.4347420929988042e-05,
        "PDBSymbolTypeVTable.h": 2.4477502468053425e-05,
        "PDBSymbolTypeVTableShape.h": 2.259055869256591e-05,
        "PDBSymbolUnknown.h": 1.9819777991850807e-05,
        "PDBSymbolUsingNamespace.h": 2.259055869256591e-05,
        "PDBTypes.h": 8.230075390087284e-05,
        "UDTLayout.h": 8.676660348277386e-06
    },
    "subdirscores": {
        "DIA": 0.00010743890952680086,
        "Native": 0.00034072128971001465
    }
}