{
    "directory name": "llvm-project/llvm/include/llvm/DebugInfo/PDB",
    "score.sum": 0.0465860470474808,
    "sha.latest": "ab20f23e7e65c7b19469e7d6e438ea14e22b9fff",
    "time.latest": 1717814462.2101326,
    "formatted_time": "2024-06-07 21:41:02.210136",
    "filescores": {
        "ConcreteSymbolEnumerator.h": 0.06908335094572436,
        "GenericError.h": 0.11252327354730465,
        "IPDBDataStream.h": 0.0507367736569184,
        "IPDBEnumChildren.h": 0.10538884818946054,
        "IPDBFrameData.h": 0.02038788608028186,
        "IPDBInjectedSource.h": 0.040032168640469525,
        "IPDBLineNumber.h": 0.06257420025721376,
        "IPDBRawSymbol.h": 0.17899370865267153,
        "IPDBSectionContrib.h": 0.02007646631636598,
        "IPDBSession.h": 0.2606645386207532,
        "IPDBSourceFile.h": 0.03581206052742279,
        "IPDBTable.h": 0.02007646631636598,
        "PDB.h": 0.046268600117314665,
        "PDBContext.h": 0.07890707784816396,
        "PDBExtras.h": 0.20602934799827016,
        "PDBSymDumper.h": 0.040601447305684844,
        "PDBSymbol.h": 0.16481821629561094,
        "PDBSymbolAnnotation.h": 0.05404634700867688,
        "PDBSymbolBlock.h": 0.060235956307126116,
        "PDBSymbolCompiland.h": 0.08664198501809936,
        "PDBSymbolCompilandDetails.h": 0.07177439277988852,
        "PDBSymbolCompilandEnv.h": 0.054679369880682886,
        "PDBSymbolCustom.h": 0.0485409270439753,
        "PDBSymbolData.h": 0.06378133874468285,
        "PDBSymbolExe.h": 0.059016894752296316,
        "PDBSymbolFunc.h": 0.09861249003197739,
        "PDBSymbolFuncDebugEnd.h": 0.07435543918106903,
        "PDBSymbolFuncDebugStart.h": 0.07435543918106903,
        "PDBSymbolLabel.h": 0.07435543918106903,
        "PDBSymbolPublicSymbol.h": 0.07435543918106903,
        "PDBSymbolThunk.h": 0.07781224961244099,
        "PDBSymbolTypeArray.h": 0.08067660058804584,
        "PDBSymbolTypeBaseClass.h": 0.080566198952253,
        "PDBSymbolTypeBuiltin.h": 0.07435543918106903,
        "PDBSymbolTypeCustom.h": 0.0681658298826198,
        "PDBSymbolTypeDimension.h": 0.0681658298826198,
        "PDBSymbolTypeEnum.h": 0.0938192687983853,
        "PDBSymbolTypeFriend.h": 0.07435543918106903,
        "PDBSymbolTypeFunctionArg.h": 0.07435543918106903,
        "PDBSymbolTypeFunctionSig.h": 0.07043970385164504,
        "PDBSymbolTypeManaged.h": 0.0681658298826198,
        "PDBSymbolTypePointer.h": 0.09993120537567689,
        "PDBSymbolTypeTypedef.h": 0.07435543918106903,
        "PDBSymbolTypeUDT.h": 0.08013804354344571,
        "PDBSymbolTypeVTable.h": 0.080566198952253,
        "PDBSymbolTypeVTableShape.h": 0.07435543918106903,
        "PDBSymbolUnknown.h": 0.06523558434791259,
        "PDBSymbolUsingNamespace.h": 0.07435543918106903,
        "PDBTypes.h": 0.2708878865951325,
        "UDTLayout.h": 0.028558695674642184
    },
    "subdirscores": {
        "DIA": 0.0055873416413163264,
        "Native": 0.01771915089667659
    }
}