{
    "directory name": "llvm-project/polly/lib/External/isl/include/isl",
    "score.sum": 0.0010365948459457174,
    "sha.latest": "a749e09e184b2b0b6dde71af01c82dd427b3e3e2",
    "time.latest": 1717795760.9481068,
    "formatted_time": "2024-06-07 16:29:20.948110",
    "filescores": {
        "aff.h": 6.466602412054886,
        "aff_type.h": 1.311109255183768,
        "arg.h": 1.0404141831900573,
        "ast.h": 1.8318210270435855,
        "ast_build.h": 1.1735739578678317,
        "ast_type.h": 0.7855588569468099,
        "constraint.h": 2.717029173946213,
        "ctx.h": 1.2255727316307237,
        "fixed_box.h": 0.5884268181254889,
        "flow.h": 1.268090701428564,
        "hash.h": 0.9814480188227029,
        "hmap.h": 0.6950527985780273,
        "hmap_templ.c": 0.9224168564566237,
        "id.h": 1.902064623507586,
        "id_to_ast_expr.h": 0.9155808971392281,
        "id_to_id.h": 0.7854918826954944,
        "id_to_pw_aff.h": 0.9155808971392281,
        "id_type.h": 0.5884268181254889,
        "ilp.h": 1.893259366619862,
        "isl-noexceptions.h": 9.327849345147369,
        "list.h": 2.3659637721362583,
        "local_space.h": 1.8302479908629334,
        "lp.h": 0.5884268181254889,
        "map.h": 7.494651389337672,
        "map_to_basic_set.h": 0.6722798201665552,
        "map_type.h": 1.1786717727310503,
        "mat.h": 2.5053851440784385,
        "maybe.h": 0.0,
        "maybe_ast_expr.h": 0.0,
        "maybe_basic_set.h": 0.0,
        "maybe_id.h": 0.0,
        "maybe_pw_aff.h": 0.0,
        "maybe_templ.h": 0.0,
        "multi.h": 3.215569689388767,
        "obj.h": 0.5884268181254889,
        "options.h": 0.8667221773169149,
        "point.h": 1.5673360501797184,
        "polynomial.h": 3.9946190718004053,
        "polynomial_type.h": 1.6454712383381758,
        "printer.h": 0.7832147896975437,
        "printer_type.h": 0.0,
        "schedule.h": 2.848961700597989,
        "schedule_node.h": 1.6543885986655116,
        "schedule_type.h": 0.7164355726960243,
        "set.h": 6.424168806658381,
        "set_type.h": 0.0,
        "space.h": 4.411154329946746,
        "space_type.h": 0.5884268181254889,
        "stream.h": 1.3266392891461234,
        "stride_info.h": 0.6018865729163818,
        "union_map.h": 3.783072301625813,
        "union_map_type.h": 0.5922624811796093,
        "union_set.h": 2.862565998460757,
        "union_set_type.h": 0.0,
        "val.h": 3.080278377441731,
        "val_gmp.h": 0.5884268181254889,
        "val_type.h": 0.5884268181254889,
        "vec.h": 2.4261612609886427,
        "version.h": 0.0,
        "vertices.h": 0.8743870913648819
    },
    "subdirscores": {},
    "score.percentage": 100.0
}