{
    "directory name": "llvm-project/polly/lib/External/isl/include/isl",
    "score.sum": 0.011758128397836834,
    "sha.latest": "a749e09e184b2b0b6dde71af01c82dd427b3e3e2",
    "time.latest": 1717795760.9481068,
    "formatted_time": "2024-06-07 16:29:20.948110",
    "filescores": {
        "aff.h": 0.22063325720015686,
        "aff_type.h": 0.04473358451374838,
        "arg.h": 0.03549777076854786,
        "ast.h": 0.06249968902540479,
        "ast_build.h": 0.040041033666608175,
        "ast_type.h": 0.026802391470288473,
        "constraint.h": 0.09270200305466321,
        "ctx.h": 0.04181517379378437,
        "fixed_box.h": 0.02007646631636598,
        "flow.h": 0.04326583947079395,
        "hash.h": 0.033485911049954915,
        "hmap.h": 0.023714425768697325,
        "hmap_templ.c": 0.031471833672186963,
        "id.h": 0.06489632214087432,
        "id_to_ast_expr.h": 0.03123859836960007,
        "id_to_id.h": 0.02680010638358069,
        "id_to_pw_aff.h": 0.03123859836960007,
        "id_type.h": 0.02007646631636598,
        "ilp.h": 0.06459589660303684,
        "isl-noexceptions.h": 0.3182558092416005,
        "list.h": 0.0807240433540298,
        "local_space.h": 0.06244601878651953,
        "lp.h": 0.02007646631636598,
        "map.h": 0.2557091409434275,
        "map_to_basic_set.h": 0.022937437161247853,
        "map_type.h": 0.04021496542028745,
        "mat.h": 0.08548094496245,
        "maybe.h": 0.0,
        "maybe_ast_expr.h": 0.0,
        "maybe_basic_set.h": 0.0,
        "maybe_id.h": 0.0,
        "maybe_pw_aff.h": 0.0,
        "maybe_templ.h": 0.0,
        "multi.h": 0.10971164904175626,
        "obj.h": 0.02007646631636598,
        "options.h": 0.02957159337839615,
        "point.h": 0.053475756795212215,
        "polynomial.h": 0.13629194450585155,
        "polynomial_type.h": 0.05614164221182768,
        "printer.h": 0.026722414511856987,
        "printer_type.h": 0.0,
        "schedule.h": 0.09720339361975563,
        "schedule_node.h": 0.056445892593910835,
        "schedule_type.h": 0.024443982157201154,
        "set.h": 0.21918546994236532,
        "set_type.h": 0.0,
        "space.h": 0.1505036626365681,
        "space_type.h": 0.02007646631636598,
        "stream.h": 0.04526345194013538,
        "stride_info.h": 0.02053569812797297,
        "union_map.h": 0.12907420480582235,
        "union_map_type.h": 0.02020733485895262,
        "union_set.h": 0.09766755707965667,
        "union_set_type.h": 0.0,
        "val.h": 0.10509566047098659,
        "val_gmp.h": 0.02007646631636598,
        "val_type.h": 0.02007646631636598,
        "vec.h": 0.08277791448982323,
        "version.h": 0.0,
        "vertices.h": 0.029833111691229115
    },
    "subdirscores": {}
}