{
    "directory name": "llvm-project/polly/lib/External/isl/include/isl",
    "score.sum": 0.000226096876517843,
    "sha.latest": "a749e09e184b2b0b6dde71af01c82dd427b3e3e2",
    "time.latest": 1717795760.9481068,
    "formatted_time": "2024-06-07 16:29:20.948110",
    "filescores": {
        "aff.h": 6.70324673111624e-05,
        "aff_type.h": 1.3590890963952222e-05,
        "arg.h": 1.0784879799436368e-05,
        "ast.h": 1.8988562353283713e-05,
        "ast_build.h": 1.2165207160619108e-05,
        "ast_type.h": 8.143062622980723e-06,
        "constraint.h": 2.8164584379967946e-05,
        "ctx.h": 1.270422376940022e-05,
        "fixed_box.h": 6.099602068851199e-06,
        "flow.h": 1.3144962852925391e-05,
        "hash.h": 1.0173639578752494e-05,
        "hmap.h": 7.204881486661298e-06,
        "hmap_templ.c": 9.561725592163868e-06,
        "id.h": 1.971670385383645e-05,
        "id_to_ast_expr.h": 9.490864390208798e-06,
        "id_to_id.h": 8.142368371343475e-06,
        "id_to_pw_aff.h": 9.490864390208798e-06,
        "id_type.h": 6.099602068851199e-06,
        "ilp.h": 1.9625429014766023e-05,
        "isl-noexceptions.h": 9.669200554937896e-05,
        "list.h": 2.452545851890733e-05,
        "local_space.h": 1.8972256341310213e-05,
        "lp.h": 6.099602068851199e-06,
        "map.h": 7.76891700234734e-05,
        "map_to_basic_set.h": 6.968817966179648e-06,
        "map_type.h": 1.2218050846747088e-05,
        "mat.h": 2.597069327460678e-05,
        "maybe.h": 0,
        "maybe_ast_expr.h": 0,
        "maybe_basic_set.h": 0,
        "maybe_id.h": 0,
        "maybe_pw_aff.h": 0,
        "maybe_templ.h": 0,
        "multi.h": 3.333242966799667e-05,
        "obj.h": 6.099602068851199e-06,
        "options.h": 8.984397418735642e-06,
        "point.h": 1.6246924714812145e-05,
        "polynomial.h": 4.140801541344765e-05,
        "polynomial_type.h": 1.7056870048132702e-05,
        "printer.h": 8.118764142689326e-06,
        "printer_type.h": 0,
        "schedule.h": 2.9532190151366215e-05,
        "schedule_node.h": 1.7149306945680273e-05,
        "schedule_type.h": 7.426534221088671e-06,
        "set.h": 6.659260274467328e-05,
        "set_type.h": 0,
        "space.h": 4.572579843093932e-05,
        "space_type.h": 6.099602068851199e-06,
        "stream.h": 1.3751874495579618e-05,
        "stride_info.h": 6.239125193290526e-06,
        "union_map.h": 3.92151324970532e-05,
        "union_map_type.h": 6.139362354378055e-06,
        "union_set.h": 2.9673211601838775e-05,
        "union_set_type.h": 0,
        "val.h": 3.1930006901341356e-05,
        "val_gmp.h": 6.099602068851199e-06,
        "val_type.h": 6.099602068851199e-06,
        "vec.h": 2.5149462585739895e-05,
        "version.h": 0,
        "vertices.h": 9.063851522703036e-06
    },
    "subdirscores": {}
}