{
    "directory name": "llvm-project/llvm/lib/DebugInfo/PDB/Native",
    "score.sum": 0.0006378145428843338,
    "sha.latest": "fab2bb8bfda865bd438dee981d7be7df8017b76d",
    "time.latest": 1717835383.841259,
    "formatted_time": "2024-06-08 03:29:43.841263",
    "filescores": {
        "DbiModuleDescriptor.cpp": 1.3457217034937594e-05,
        "DbiModuleDescriptorBuilder.cpp": 6.404076505466906e-05,
        "DbiModuleList.cpp": 1.8954879363704353e-05,
        "DbiStream.cpp": 2.3297933136563022e-05,
        "DbiStreamBuilder.cpp": 9.548330255418611e-05,
        "EnumTables.cpp": 3.4328990344532395e-05,
        "FormatUtil.cpp": 8.14518269167852e-06,
        "GSIStreamBuilder.cpp": 8.075485581470303e-05,
        "GlobalsStream.cpp": 3.373187712277146e-05,
        "Hash.cpp": 1.1537621891313228e-05,
        "HashTable.cpp": 1.3412865610874165e-05,
        "InfoStream.cpp": 2.26788285795241e-05,
        "InfoStreamBuilder.cpp": 2.7163041203972597e-05,
        "InjectedSourceStream.cpp": 9.895758002648273e-06,
        "InputFile.cpp": 2.753939799688461e-05,
        "LinePrinter.cpp": 6.4038724972566665e-06,
        "ModuleDebugStream.cpp": 2.452693605884692e-05,
        "NamedStreamMap.cpp": 2.5053433592688543e-05,
        "NativeCompilandSymbol.cpp": 2.4186834454846677e-05,
        "NativeEnumGlobals.cpp": 6.638552613586465e-06,
        "NativeEnumInjectedSources.cpp": 1.671477394903499e-05,
        "NativeEnumLineNumbers.cpp": 1.2033055337402258e-05,
        "NativeEnumModules.cpp": 1.4728049701879834e-05,
        "NativeEnumSymbols.cpp": 6.099602068851199e-06,
        "NativeEnumTypes.cpp": 4.962839420114252e-05,
        "NativeExeSymbol.cpp": 3.181401945716916e-05,
        "NativeFunctionSymbol.cpp": 1.8167507085118836e-05,
        "NativeInlineSiteSymbol.cpp": 3.1948374960150656e-05,
        "NativeLineNumber.cpp": 6.669620807530398e-06,
        "NativePublicSymbol.cpp": 1.2697597440368057e-05,
        "NativeRawSymbol.cpp": 3.120448139057054e-05,
        "NativeSession.cpp": 9.598949080763144e-05,
        "NativeSourceFile.cpp": 1.0503055010715263e-05,
        "NativeSymbolEnumerator.cpp": 1.5146705627916446e-05,
        "NativeTypeArray.cpp": 1.5119720098119719e-05,
        "NativeTypeBuiltin.cpp": 1.2890328719872539e-05,
        "NativeTypeEnum.cpp": 3.6241817898773076e-05,
        "NativeTypeFunctionSig.cpp": 1.434950207483582e-05,
        "NativeTypePointer.cpp": 1.304196769742461e-05,
        "NativeTypeTypedef.cpp": 1.4384913667548052e-05,
        "NativeTypeUDT.cpp": 2.7253672015174815e-05,
        "NativeTypeVTShape.cpp": 1.211988195812755e-05,
        "PDBFile.cpp": 4.046563547355983e-05,
        "PDBFileBuilder.cpp": 8.961486833036935e-05,
        "PDBStringTable.cpp": 1.0627728087229497e-05,
        "PDBStringTableBuilder.cpp": 3.0742174517363286e-05,
        "PublicsStream.cpp": 1.7332894244590675e-05,
        "RawError.cpp": 2.252077605650706e-05,
        "SymbolCache.cpp": 6.137801196775497e-05,
        "SymbolStream.cpp": 1.890794821868966e-05,
        "TpiHashing.cpp": 1.804414278847274e-05,
        "TpiStream.cpp": 5.31663320906395e-05,
        "TpiStreamBuilder.cpp": 5.430342261840018e-05
    },
    "subdirscores": {}
}