{
    "directory name": "llvm-project/libc/src/sched",
    "score.sum": 0.0021243178342816933,
    "sha.latest": "128d53f44cae211ad5501733ec1d9bc787b6f7a9",
    "time.latest": 1717836061.9011564,
    "formatted_time": "2024-06-08 03:41:01.901160",
    "filescores": {
        "CMakeLists.txt": 0.04046419778852985,
        "sched_get_priority_max.h": 0.02007646631636598,
        "sched_get_priority_min.h": 0.02007646631636598,
        "sched_getaffinity.h": 0.03987412115486558,
        "sched_getcpucount.h": 0.03987015009587971,
        "sched_getparam.h": 0.02007646631636598,
        "sched_getscheduler.h": 0.02007646631636598,
        "sched_rr_get_interval.h": 0.02007646631636598,
        "sched_setaffinity.h": 0.03987412115486558,
        "sched_setparam.h": 0.02007646631636598,
        "sched_setscheduler.h": 0.02007646631636598,
        "sched_yield.h": 0.02007646631636598
    },
    "subdirscores": {
        "linux": 0.0018881240950857784
    }
}