{
    "directory name": "llvm-project/clang/tools/clang-fuzzer",
    "score.sum": 0.00034314031512282516,
    "sha.latest": "a87dc23a6271cadd6d3f93561f2d8b1661399e6d",
    "time.latest": 1718082050.2563162,
    "formatted_time": "2024-06-11 10:30:50.256319",
    "filescores": {
        "ClangFuzzer.cpp": 10.962176699909344,
        "ClangObjectiveCFuzzer.cpp": 1.7775824640913676,
        "CMakeLists.txt": 18.46384498633404,
        "cxx_loop_proto.proto": 2.472929796000068,
        "cxx_proto.proto": 2.6964261313719415,
        "Dockerfile": 3.764456859776835,
        "DummyClangFuzzer.cpp": 1.781508689022372,
        "ExampleClangLLVMProtoFuzzer.cpp": 1.7775824640913676,
        "ExampleClangLoopProtoFuzzer.cpp": 1.8888441446524709,
        "ExampleClangProtoFuzzer.cpp": 4.234247561749578,
        "README.txt": 2.6377235820946296
    },
    "subdirscores": {
        "corpus_examples": 0.0,
        "dictionary": 1.7775824640913676,
        "fuzzer-initialize": 3.8581110159584453,
        "handle-cxx": 8.478735344360192,
        "handle-llvm": 23.316405323789475,
        "proto-to-cxx": 8.028712171594075,
        "proto-to-llvm": 2.0831303011124387
    }
}