{
    "directory name": "llvm-project/clang-tools-extra/clang-include-fixer/find-all-symbols",
    "score.sum": 0.007019774074948113,
    "sha.latest": "716042a63f26cd020eb72960f72fa97b9a197382",
    "time.latest": 1717789057.3451169,
    "formatted_time": "2024-06-08 01:07:37.345121",
    "filescores": {
        "CMakeLists.txt": 0.03627510252325269,
        "FindAllMacros.cpp": 0.07512335033124366,
        "FindAllMacros.h": 0.04232617412782336,
        "FindAllSymbols.cpp": 0.17687283156697972,
        "FindAllSymbols.h": 0.02007646631636598,
        "FindAllSymbolsAction.cpp": 0.02007646631636598,
        "FindAllSymbolsAction.h": 0.02007646631636598,
        "HeaderMapCollector.cpp": 0.0,
        "HeaderMapCollector.h": 0.029804426010923327,
        "PathConfig.cpp": 0.04746089711890994,
        "PathConfig.h": 0.02007646631636598,
        "PragmaCommentHandler.cpp": 0.0,
        "PragmaCommentHandler.h": 0.02007646631636598,
        "STLPostfixHeaderMap.cpp": 0.056302177873895826,
        "STLPostfixHeaderMap.h": 0.0,
        "SymbolInfo.cpp": 0.02007646631636598,
        "SymbolInfo.h": 0.026902528321289764,
        "SymbolReporter.h": 0.02007646631636598
    },
    "subdirscores": {
        "tool": 0.002052922681075674
    }
}