{
    "directory name": "llvm-project/llvm/tools/llvm-cov",
    "score.sum": 0.06751329673663556,
    "sha.latest": "716042a63f26cd020eb72960f72fa97b9a197382",
    "time.latest": 1718078848.8284004,
    "formatted_time": "2024-06-10 23:07:28.828404",
    "filescores": {
        "CMakeLists.txt": 0.16859425233469236,
        "CodeCoverage.cpp": 1.4303287942718714,
        "CoverageExporter.h": 0.06563820256956213,
        "CoverageExporterJson.cpp": 0.2991220206315831,
        "CoverageExporterJson.h": 0.06588151902661782,
        "CoverageExporterLcov.cpp": 0.09836865270913292,
        "CoverageExporterLcov.h": 0.04414599084056041,
        "CoverageFilters.cpp": 0.14903135331178582,
        "CoverageFilters.h": 0.1522725424024635,
        "CoverageReport.cpp": 0.46311087843429677,
        "CoverageReport.h": 0.1683366491284195,
        "CoverageSummaryInfo.cpp": 0.22559079591788056,
        "CoverageSummaryInfo.h": 0.2843567143439052,
        "CoverageViewOptions.h": 0.29000512103399734,
        "RenderingSupport.h": 0.08304413578250133,
        "SourceCoverageView.cpp": 0.5063926893465681,
        "SourceCoverageView.h": 0.2999206086057558,
        "SourceCoverageViewHTML.cpp": 0.47046902271713914,
        "SourceCoverageViewHTML.h": 0.1450469221160131,
        "SourceCoverageViewText.cpp": 0.253515875198681,
        "SourceCoverageViewText.h": 0.12703376934922175,
        "TestingSupport.cpp": 0.2719170251703904,
        "gcov.cpp": 0.18934696159642667,
        "llvm-cov.cpp": 0.34439052275511783
    },
    "subdirscores": {}
}