{
    "directory name": "llvm-project/lldb/source/Core",
    "score.sum": 0.366823141149508,
    "sha.latest": "624ea68cbc3ce422b3ee110c0c0af839eec2e278",
    "time.latest": 1717864999.7421026,
    "formatted_time": "2024-06-08 22:13:19.742105",
    "filescores": {
        "Address.cpp": 0.7113986851310957,
        "AddressRange.cpp": 0.26775638501188087,
        "AddressResolver.cpp": 0.12588712265388363,
        "AddressResolverFileLine.cpp": 0.3768672365412156,
        "CMakeLists.txt": 0.8789316777368038,
        "Communication.cpp": 0.8160956059529224,
        "CoreProperties.td": 0.4006909188448322,
        "DataFileCache.cpp": 0.12735441581398632,
        "Debugger.cpp": 3.989644990673601,
        "DebuggerEvents.cpp": 0.07366771832410908,
        "Declaration.cpp": 0.0,
        "Disassembler.cpp": 1.2989181830036163,
        "DumpDataExtractor.cpp": 0.5123427240151852,
        "DumpRegisterInfo.cpp": 0.02007646631636598,
        "DumpRegisterValue.cpp": 0.1513799755022931,
        "DynamicLoader.cpp": 0.5981949497900076,
        "EmulateInstruction.cpp": 0.45584806857125215,
        "FileLineResolver.cpp": 0.23072053943267262,
        "FormatEntity.cpp": 0.8265384881400571,
        "Highlighter.cpp": 0.05422369129431597,
        "IOHandler.cpp": 1.1275843191210047,
        "IOHandlerCursesGUI.cpp": 0.843832468456563,
        "Mangled.cpp": 1.2214575971160595,
        "Module.cpp": 2.8051791527108896,
        "ModuleChild.cpp": 0.08381947163935313,
        "ModuleList.cpp": 1.6943078752769358,
        "Opcode.cpp": 0.19717397825484273,
        "PluginManager.cpp": 1.4465310989257094,
        "Progress.cpp": 0.159576654854716,
        "RichManglingContext.cpp": 0.12128046426890132,
        "SearchFilter.cpp": 0.5686148851014061,
        "Section.cpp": 0.7507955069316469,
        "SourceLocationSpec.cpp": 0.07599747734854292,
        "SourceManager.cpp": 0.9449049154347509,
        "StreamAsynchronousIO.cpp": 0.1388923708665207,
        "ThreadedCommunication.cpp": 0.10456236618437764,
        "UserSettingsController.cpp": 0.28976402713958194,
        "Value.cpp": 0.7526759658985642,
        "ValueObject.cpp": 3.3691992392401913,
        "ValueObjectCast.cpp": 0.3478182128777647,
        "ValueObjectChild.cpp": 0.6353843125681706,
        "ValueObjectConstResult.cpp": 0.5407906937084681,
        "ValueObjectConstResultCast.cpp": 0.07876999554923825,
        "ValueObjectConstResultChild.cpp": 0.16906608289933225,
        "ValueObjectConstResultImpl.cpp": 0.30773235873978005,
        "ValueObjectDynamicValue.cpp": 0.6641725364063717,
        "ValueObjectList.cpp": 0.1482817981620906,
        "ValueObjectMemory.cpp": 0.5893546370250696,
        "ValueObjectRegister.cpp": 0.741032958616788,
        "ValueObjectSyntheticFilter.cpp": 0.7771037633758607,
        "ValueObjectUpdater.cpp": 0.0,
        "ValueObjectVariable.cpp": 0.8680212553988255,
        "ValueObjectVTable.cpp": 0.08005911726987208
    },
    "subdirscores": {}
}