{
    "directory name": "llvm-project/cross-project-tests/debuginfo-tests/dexter/dex/debugger/dbgeng",
    "score.sum": 7.859275634347661e-05,
    "sha.latest": "f98ee40f4b5d7474fc67e82824bf6abbaedb7b1c",
    "time.latest": 1717788629.4864771,
    "formatted_time": "2024-06-08 01:00:29.486482",
    "filescores": {
        "breakpoint.py": 7.761023219740378,
        "client.py": 7.761023219740378,
        "control.py": 7.761023219740378,
        "dbgeng.py": 22.389767802596204,
        "probe_process.py": 7.761023219740378,
        "README.md": 0.0,
        "setup.py": 7.761023219740378,
        "symbols.py": 7.761023219740378,
        "symgroup.py": 7.761023219740378,
        "sysobjs.py": 7.761023219740378,
        "utils.py": 7.761023219740378,
        "__init__.py": 7.761023219740378
    },
    "subdirscores": {}
}