{
    "directory name": "llvm-project/clang/include/clang/Frontend",
    "score.sum": 0.18353498583991593,
    "sha.latest": "da00c60dae0040185dc45039c4397f6e746548e9",
    "time.latest": 1717799863.5951102,
    "formatted_time": "2024-06-08 04:07:43.595113",
    "filescores": {
        "ASTConsumers.h": 0.2692904021075061,
        "ASTUnit.h": 1.612833148310684,
        "ChainedDiagnosticConsumer.h": 0.10230670298027214,
        "CommandLineSourceLoc.h": 0.21021885920917147,
        "CompilerInstance.h": 1.5919987778792426,
        "CompilerInvocation.h": 1.1531331355153072,
        "DependencyOutputOptions.h": 0.3580247466293824,
        "DiagnosticRenderer.h": 0.2374679478454537,
        "FrontendAction.h": 0.46575372700094614,
        "FrontendActions.h": 0.7897405850453896,
        "FrontendDiagnostic.h": 0.08401066605462233,
        "FrontendOptions.h": 1.4227383703021113,
        "FrontendPluginRegistry.h": 0.1334954382527132,
        "LayoutOverrideSource.h": 0.12399586781899456,
        "LogDiagnosticPrinter.h": 0.11389428486581132,
        "MigratorOptions.h": 0.09735058012856064,
        "MultiplexConsumer.h": 0.22768701317720988,
        "PCHContainerOperations.h": 0.0769732905371417,
        "PrecompiledPreamble.h": 0.24654749618083538,
        "PreprocessorOutputOptions.h": 0.1823116512690057,
        "SARIFDiagnostic.h": 0.02007646631636598,
        "SARIFDiagnosticPrinter.h": 0.0,
        "SerializedDiagnosticPrinter.h": 0.15196813964103797,
        "SerializedDiagnosticReader.h": 0.09336892890935143,
        "SerializedDiagnostics.h": 0.05887389428470222,
        "TextDiagnostic.h": 0.18922601704150513,
        "TextDiagnosticBuffer.h": 0.14458859034251156,
        "TextDiagnosticPrinter.h": 0.2187045401141242,
        "Utils.h": 0.7570824461745675,
        "VerifyDiagnosticConsumer.h": 0.278063772452054
    },
    "subdirscores": {}
}