{
    "directory name": "llvm-project/libcxx/include/__filesystem",
    "score.sum": 0.00896559296357144,
    "sha.latest": "33de5a316caa3c9b07ee1ccc7fbc3434247ff787",
    "time.latest": 1717833038.887292,
    "formatted_time": "2024-06-08 13:20:38.887296",
    "filescores": {
        "copy_options.h": 0.11648080941598467,
        "directory_entry.h": 0.21353780648871099,
        "directory_iterator.h": 0.2066424984618843,
        "directory_options.h": 0.11648080941598467,
        "filesystem_error.h": 0.23454924391416915,
        "file_status.h": 0.13731772460976563,
        "file_time_type.h": 0.027015263049339534,
        "file_type.h": 0.06132885197726443,
        "operations.h": 0.13157636234775846,
        "path.h": 0.3088761756740837,
        "path_iterator.h": 0.15725660527883847,
        "perms.h": 0.11648080941598467,
        "perm_options.h": 0.11648080941598467,
        "recursive_directory_iterator.h": 0.19774590395341451,
        "space_info.h": 0.08984090057598669,
        "u8path.h": 0.13179824373627433
    },
    "subdirscores": {}
}