{
    "directory name": "llvm-project/libcxx/include/__filesystem",
    "score.sum": 0.0007180473439404145,
    "sha.latest": "33de5a316caa3c9b07ee1ccc7fbc3434247ff787",
    "time.latest": 1717833038.887292,
    "formatted_time": "2024-06-08 13:20:38.887296",
    "filescores": {
        "copy_options.h": 4.928508709203826,
        "directory_entry.h": 9.03516162276487,
        "directory_iterator.h": 8.743408965539643,
        "directory_options.h": 4.928508709203826,
        "filesystem_error.h": 9.924192638804932,
        "file_status.h": 5.8101553814787374,
        "file_time_type.h": 1.1430634787624572,
        "file_type.h": 2.594932011641232,
        "operations.h": 5.567228207012234,
        "path.h": 13.069096355939191,
        "path_iterator.h": 6.653804627410369,
        "perms.h": 4.928508709203826,
        "perm_options.h": 4.928508709203826,
        "recursive_directory_iterator.h": 8.366978343730871,
        "space_info.h": 3.8013271297778477,
        "u8path.h": 5.576616400322304
    },
    "subdirscores": {},
    "score.percentage": 0.3730495920589261
}