{
    "directory name": "llvm-project/libc/src/stdio/gpu",
    "score.sum": 4.041887826506286e-05,
    "sha.latest": "a39215768b58bb39716820959cedf82c76648770",
    "time.latest": 1717838960.2156796,
    "formatted_time": "2024-06-08 04:29:20.215683",
    "filescores": {
        "CMakeLists.txt": 1.6855840647854652e-05,
        "clearerr.cpp": 9.18693803418112e-06,
        "fclose.cpp": 6.099602068851199e-06,
        "feof.cpp": 6.099602068851199e-06,
        "ferror.cpp": 6.099602068851199e-06,
        "fflush.cpp": 0,
        "fgetc.cpp": 6.099602068851199e-06,
        "fgets.cpp": 8.11087477446567e-06,
        "file.h": 2.094108723188238e-05,
        "fopen.cpp": 6.099602068851199e-06,
        "fputc.cpp": 6.099602068851199e-06,
        "fputs.cpp": 6.099602068851199e-06,
        "fread.cpp": 6.099602068851199e-06,
        "fseek.cpp": 0,
        "ftell.cpp": 0,
        "fwrite.cpp": 6.099602068851199e-06,
        "getc.cpp": 6.099602068851199e-06,
        "getchar.cpp": 6.099602068851199e-06,
        "putc.cpp": 6.099602068851199e-06,
        "putchar.cpp": 6.099602068851199e-06,
        "puts.cpp": 1.2105942343015252e-05,
        "stderr.cpp": 6.099602068851199e-06,
        "stdin.cpp": 6.099602068851199e-06,
        "stdout.cpp": 6.099602068851199e-06,
        "ungetc.cpp": 0
    },
    "subdirscores": {}
}