{
    "directory name": "llvm-project/llvm/tools/llvm-readobj",
    "score.sum": 0.004749089756794681,
    "sha.latest": "fe8476472467acd15a4d3771313e5532d1eb032f",
    "time.latest": 1718082951.5169675,
    "formatted_time": "2024-06-11 00:15:51.516971",
    "filescores": {
        "ARMEHABIPrinter.h": 0.00011327398099661502,
        "ARMWinEHPrinter.cpp": 0.0001626964423051736,
        "ARMWinEHPrinter.h": 6.856167522000987e-05,
        "CMakeLists.txt": 0.00011051963575061306,
        "COFFDumper.cpp": 0.0007557500997704492,
        "COFFImportDumper.cpp": 2.9943297934424894e-05,
        "DwarfCFIEHPrinter.h": 9.183042953481412e-05,
        "ELFDumper.cpp": 0.002572775458957395,
        "MachODumper.cpp": 0.00023378212052149925,
        "ObjDumper.cpp": 0.00016595492443639742,
        "ObjDumper.h": 0.000313427773314827,
        "Opts.td": 5.0839396679164064e-05,
        "StackMapPrinter.h": 1.7876219676908645e-05,
        "WasmDumper.cpp": 0.00010273600436150695,
        "Win64EHDumper.cpp": 5.324326196345192e-05,
        "Win64EHDumper.h": 9.058080392558427e-06,
        "WindowsResourceDumper.cpp": 1.259133417394083e-05,
        "WindowsResourceDumper.h": 6.099602068851199e-06,
        "XCOFFDumper.cpp": 0.00013286277293291911,
        "llvm-readobj.cpp": 0.0007481402183243991,
        "llvm-readobj.h": 0.00015374797466178423
    },
    "subdirscores": {}
}