{
    "directory name": "llvm-project/cross-project-tests/debuginfo-tests/dexter-tests/memvars",
    "score.sum": 0.003042329457706939,
    "sha.latest": "a8837b49c1c1650357d7d8f2957c903b3a5ab039",
    "time.latest": 1717792681.9049098,
    "formatted_time": "2024-06-08 02:08:01.904914",
    "filescores": {
        "bitcast.c": 0.09953147435827442,
        "const-branch.c": 0.11703258883709242,
        "ctrl-flow.c": 0.13854460782136244,
        "implicit-ptr.c": 0.09953147435827442,
        "inline-escaping-function.c": 0.09953147435827442,
        "inlining-dse.c": 0.09953147435827442,
        "inlining.c": 0.13854460782136244,
        "loop.c": 0.09953147435827442,
        "merged-store.c": 0.09953147435827442,
        "ptr-to.c": 0.09953147435827442,
        "struct-dse.c": 0.11032559858986253,
        "unused-merged-value.c": 0.13229863826171734
    },
    "subdirscores": {}
}