{
    "directory name": "llvm-project/llvm/lib/Target/VE/MCTargetDesc",
    "score.sum": 0.00013112419658145306,
    "sha.latest": "e87f33d9ce785668223c3bcc4e06956985cccda1",
    "time.latest": 1717868576.4151564,
    "formatted_time": "2024-06-08 12:42:56.415159",
    "filescores": {
        "CMakeLists.txt": 2.6365524993905668e-05,
        "VEAsmBackend.cpp": 1.9216380026239346e-05,
        "VEELFObjectWriter.cpp": 1.798281353526229e-05,
        "VEFixupKinds.h": 1.3111713166822713e-05,
        "VEInstPrinter.cpp": 1.5728905436069863e-05,
        "VEInstPrinter.h": 9.283356838465776e-06,
        "VEMCAsmInfo.cpp": 1.0189590998135167e-05,
        "VEMCAsmInfo.h": 0,
        "VEMCCodeEmitter.cpp": 3.189035511278027e-05,
        "VEMCExpr.cpp": 1.3689023689276452e-05,
        "VEMCExpr.h": 7.051983379252524e-06,
        "VEMCTargetDesc.cpp": 2.9939551068408315e-05,
        "VEMCTargetDesc.h": 2.9882187432223587e-05,
        "VETargetStreamer.cpp": 8.556780815034148e-06,
        "VETargetStreamer.h": 8.037208988719081e-06
    },
    "subdirscores": {}
}