{
    "directory name": "llvm-project/cmake/Modules",
    "score.sum": 0.006521238623023017,
    "sha.latest": "c6bd873403a8ac6538a3fe3b3c2fe39c16b146a6",
    "time.latest": 1717787913.6204052,
    "formatted_time": "2024-06-08 00:48:33.622384",
    "filescores": {
        "CMakePolicy.cmake": 0.06714975978293808,
        "EnableLanguageNolink.cmake": 0.0,
        "ExtendPath.cmake": 0.02007646631636598,
        "FindGRPC.cmake": 0.03974078750064783,
        "FindPrefixFromConfig.cmake": 0.04010873707196491,
        "GetClangResourceDir.cmake": 0.02007646631636598,
        "GNUInstallPackageDir.cmake": 0.03990390119643029,
        "HandleCompilerRT.cmake": 0.07805584502337472,
        "HandleOutOfTreeLLVM.cmake": 0.0,
        "LLVMCheckCompilerLinkerFlag.cmake": 0.11564206323068352,
        "SetPlatformToolchainTools.cmake": 0.0,
        "SortSubset.cmake": 0.0
    },
    "subdirscores": {}
}