{
    "directory name": "llvm-project/llvm/include/llvm/ObjectYAML",
    "score.sum": 0.051815470467603056,
    "sha.latest": "50136ca11f62050b34876a920fcd87d2aefccfdb",
    "time.latest": 1717820066.654229,
    "formatted_time": "2024-06-07 23:14:26.654232",
    "filescores": {
        "ArchiveYAML.h": 0.02007646631636598,
        "COFFYAML.h": 0.12505088474677736,
        "CodeViewYAMLDebugSections.h": 0.02635752127131753,
        "CodeViewYAMLSymbols.h": 0.02117129119908292,
        "CodeViewYAMLTypeHashing.h": 0.03233551975274127,
        "CodeViewYAMLTypes.h": 0.05399404523596387,
        "DWARFEmitter.h": 0.19378187333237712,
        "DWARFYAML.h": 0.5696777493497016,
        "DXContainerYAML.h": 0.1545123321759182,
        "ELFYAML.h": 1.2689944078221176,
        "GOFFYAML.h": 0.0,
        "MachOYAML.h": 0.2633291064015398,
        "MinidumpYAML.h": 0.08517792369978563,
        "ObjectYAML.h": 0.09613744634198737,
        "OffloadYAML.h": 0.027067140609377965,
        "WasmYAML.h": 0.30883972465868564,
        "XCOFFYAML.h": 0.13892331844794784,
        "YAML.h": 0.08135156818469208,
        "yaml2obj.h": 0.07559461859848374
    },
    "subdirscores": {}
}