{
    "directory name": "llvm-project/libc",
    "score.sum": 0.011315934378102972,
    "sha.latest": "6bec4fc76de50a090d1d0b36498da66c4a324851",
    "time.latest": 1717852126.2251718,
    "formatted_time": "2024-06-08 08:08:46.225173",
    "filescores": {
        ".clang-tidy": 9.884696942843113e-06,
        "CMakeLists.txt": 0.0004434058298275859,
        "LICENSE.TXT": 0,
        "README.txt": 0
    },
    "subdirscores": {
        "AOR_v20.02": 1.190544938765587e-05,
        "benchmarks": 0.0002210544684696555,
        "cmake": 0.0012962032172909538,
        "config": 0.0019226713199772805,
        "docs": 0.0010314276196069553,
        "examples": 5.371388388757438e-05,
        "fuzzing": 0.0001656711318492747,
        "include": 0.0009651586217657714,
        "lib": 0.00011791301032891408,
        "spec": 0.0011640072067212672,
        "src": 0.006744159324917035,
        "startup": 0.0001980231928600822,
        "test": 0.004690915607578226,
        "utils": 0.0014020359533303004
    }
}