{
    "directory name": "llvm-project/third-party/benchmark/tools/gbench/Inputs",
    "score.sum": 1.8654587000926627e-05,
    "sha.latest": "a5b797172cc902db166e9a695716fb81405f86e4",
    "time.latest": 1717789630.8107154,
    "formatted_time": "2024-06-07 14:47:10.810719",
    "filescores": {
        "test1_run1.json": 1.8455952941623095e-05,
        "test1_run2.json": 1.8455952941623095e-05,
        "test2_run.json": 6.2046364836785735e-06,
        "test3_run0.json": 6.2046364836785735e-06,
        "test3_run1.json": 6.2046364836785735e-06,
        "test4_run.json": 6.2046364836785735e-06,
        "test4_run0.json": 0,
        "test4_run1.json": 0,
        "test5_run0.json": 0,
        "test5_run1.json": 0
    },
    "subdirscores": {}
}