{
    "directory name": "llvm-project/llvm/unittests/Transforms/Utils",
    "score.sum": 0.0014439155615352706,
    "sha.latest": "66d4fe97d8d46195672117797b663c21cf576f33",
    "time.latest": 1718085161.6949437,
    "formatted_time": "2024-06-11 00:52:41.694948",
    "filescores": {
        "ASanStackFrameLayoutTest.cpp": 3.0657604165663056e-05,
        "BasicBlockUtilsTest.cpp": 5.036263281679769e-05,
        "CMakeLists.txt": 0.00016673135220764362,
        "CallPromotionUtilsTest.cpp": 7.860916419984975e-06,
        "CloningTest.cpp": 0.00010842411138997015,
        "CodeExtractorTest.cpp": 3.521278979367016e-05,
        "CodeLayoutTest.cpp": 6.099602068851199e-06,
        "CodeMoverUtilsTest.cpp": 2.6370256714455323e-05,
        "DebugifyTest.cpp": 9.881760749387853e-06,
        "FunctionComparatorTest.cpp": 7.022518214296955e-06,
        "IntegerDivisionTest.cpp": 6.670319838356166e-06,
        "LocalTest.cpp": 0.0001522883441765038,
        "LoopRotationUtilsTest.cpp": 6.099602068851199e-06,
        "LoopUtilsTest.cpp": 8.618519829051074e-06,
        "MemTransferLowering.cpp": 6.164409238763882e-06,
        "ModuleUtilsTest.cpp": 6.099602068851199e-06,
        "ProfDataUtilTest.cpp": 6.099602068851199e-06,
        "SSAUpdaterBulkTest.cpp": 6.099602068851199e-06,
        "ScalarEvolutionExpanderTest.cpp": 4.681273318540503e-05,
        "SizeOptsTest.cpp": 7.69407190449828e-06,
        "UnrollLoopTest.cpp": 9.809688514878856e-06,
        "ValueMapperTest.cpp": 5.684688524383632e-05
    },
    "subdirscores": {}
}