{
    "directory name": "llvm-project/llvm/unittests/Transforms/Utils",
    "score.sum": 0.0007679269247474192,
    "sha.latest": "66d4fe97d8d46195672117797b663c21cf576f33",
    "time.latest": 1718085161.6949437,
    "formatted_time": "2024-06-11 00:52:41.694948",
    "filescores": {
        "ASanStackFrameLayoutTest.cpp": 3.9922554057792317,
        "BasicBlockUtilsTest.cpp": 6.55825850009916,
        "CMakeLists.txt": 21.711877371988702,
        "CallPromotionUtilsTest.cpp": 1.0236542262885924,
        "CloningTest.cpp": 14.119066267357692,
        "CodeExtractorTest.cpp": 4.585434975502661,
        "CodeLayoutTest.cpp": 0.7942945965669109,
        "CodeMoverUtilsTest.cpp": 3.4339539173117064,
        "DebugifyTest.cpp": 1.2868100376397256,
        "FunctionComparatorTest.cpp": 0.9144774050742847,
        "IntegerDivisionTest.cpp": 0.8686138776225508,
        "LocalTest.cpp": 19.831098411687197,
        "LoopRotationUtilsTest.cpp": 0.7942945965669109,
        "LoopUtilsTest.cpp": 1.1223098906039546,
        "MemTransferLowering.cpp": 0.8027338331432295,
        "ModuleUtilsTest.cpp": 0.7942945965669109,
        "ProfDataUtilTest.cpp": 0.7942945965669109,
        "SSAUpdaterBulkTest.cpp": 0.7942945965669109,
        "ScalarEvolutionExpanderTest.cpp": 6.095988000525223,
        "SizeOptsTest.cpp": 1.0019276127124932,
        "UnrollLoopTest.cpp": 1.2774247390929008,
        "ValueMapperTest.cpp": 7.402642544736137
    },
    "subdirscores": {},
    "score.percentage": 65.80849308824351
}