{
    "directory name": "llvm-project/clang/lib",
    "score.sum": 0.25779301691379414,
    "sha.latest": "3f6bc1adf805681293c2ef0b93b708ff52244c00",
    "time.latest": 1717824005.4804783,
    "formatted_time": "2024-06-08 10:50:05.480480",
    "filescores": {
        "CMakeLists.txt": 0.045638385535841895
    },
    "subdirscores": {
        "Analysis": 3.154510197816921,
        "APINotes": 0.042453629881711454,
        "ARCMigrate": 0.3575759949081291,
        "AST": 11.98846926617221,
        "ASTMatchers": 0.5748512381185459,
        "Basic": 6.0262226128220355,
        "CodeGen": 17.812594112610928,
        "CrossTU": 0.07916281348838942,
        "DirectoryWatcher": 0.026423179017987318,
        "Driver": 10.568082368243271,
        "Edit": 0.07806235600643077,
        "ExtractAPI": 0.11372651757572298,
        "Format": 3.3168267187390916,
        "Frontend": 5.126796144094214,
        "FrontendTool": 0.12819562270831333,
        "Headers": 3.1974408664716734,
        "Index": 0.48855853801557336,
        "IndexSerialization": 0.004720321896749489,
        "InstallAPI": 0.01489218910136189,
        "Interpreter": 0.12155778055179649,
        "Lex": 2.7436636559592196,
        "Parse": 3.9824198108254634,
        "Rewrite": 0.37606185132831704,
        "Sema": 19.61531305720449,
        "Serialization": 3.190600777184538,
        "StaticAnalyzer": 4.876061205691615,
        "Support": 0.06887564016157724,
        "Testing": 0.01867975700560624,
        "Tooling": 1.8615633908622715
    }
}