{
    "directory name": "llvm-project/clang/lib",
    "score.sum": 10.666124327982036,
    "sha.latest": "3f6bc1adf805681293c2ef0b93b708ff52244c00",
    "time.latest": 1717824005.4804783,
    "formatted_time": "2024-06-08 10:50:05.480480",
    "filescores": {
        "CMakeLists.txt": 0.3872462253964417
    },
    "subdirscores": {
        "Analysis": 0.4229087982786895,
        "APINotes": 0.005691537661938111,
        "ARCMigrate": 0.04793835645373943,
        "AST": 1.607231808623286,
        "ASTMatchers": 0.077067319823526,
        "Basic": 0.8079043666151879,
        "CodeGen": 2.3880419773578887,
        "CrossTU": 0.010612947247374155,
        "DirectoryWatcher": 0.0035424183738359994,
        "Driver": 1.4168079144448387,
        "Edit": 0.010465414628340618,
        "ExtractAPI": 0.015246723536875567,
        "Format": 0.44466973119673114,
        "Frontend": 0.6873229314076026,
        "FrontendTool": 0.01718652131214557,
        "Headers": 0.4286642900512778,
        "Index": 0.06549850570904729,
        "IndexSerialization": 0.0006328290402181695,
        "InstallAPI": 0.0019965184455433076,
        "Interpreter": 0.016296620289946027,
        "Lex": 0.36782873627279067,
        "Parse": 0.5339023400853145,
        "Rewrite": 0.05041665921187424,
        "Sema": 2.6297231432707133,
        "Serialization": 0.4277472748067106,
        "StaticAnalyzer": 0.6537082004868694,
        "Support": 0.009233799349124367,
        "Testing": 0.0025042980025380625,
        "Tooling": 0.24957013519689894
    }
}