{
    "directory name": "llvm-project/libc",
    "score.sum": 0.5884831821138863,
    "sha.latest": "6bec4fc76de50a090d1d0b36498da66c4a324851",
    "time.latest": 1717852126.2251718,
    "formatted_time": "2024-06-08 08:08:46.225173",
    "filescores": {
        ".clang-tidy": 0.032534874075457784,
        "CMakeLists.txt": 1.4594431089978372,
        "LICENSE.TXT": 0.0,
        "README.txt": 0.0
    },
    "subdirscores": {
        "AOR_v20.02": 0.0006191408067636809,
        "benchmarks": 0.011495898851909448,
        "cmake": 0.06740882091484116,
        "config": 0.09998818469014632,
        "docs": 0.0536392124083886,
        "examples": 0.00279338110823816,
        "fuzzing": 0.008615698147183371,
        "include": 0.05019290480160872,
        "lib": 0.006132045415998565,
        "spec": 0.06053399057706998,
        "src": 0.35072882252570625,
        "startup": 0.010298161404342544,
        "test": 0.24395024321783926,
        "utils": 0.07291263378572266
    }
}