{
    "directory name": "llvm-project/llvm/utils/gn/secondary/clang/lib",
    "score.sum": 0.07130775507450886,
    "sha.latest": "e6dff54f362f9bcae2a3dd8b0bf7aa6fc9f11017",
    "time.latest": 1718084454.35613,
    "formatted_time": "2024-06-11 00:40:54.356131",
    "filescores": {},
    "subdirscores": {
        "APINotes": 0.0009252584021941368,
        "ARCMigrate": 0.0003416453870739259,
        "AST": 0.004585832544177548,
        "ASTMatchers": 0.0006100647633094214,
        "Analysis": 0.008586543691760727,
        "Basic": 0.009576152563765504,
        "CodeGen": 0.0054618984341501566,
        "CrossTU": 0.0007405642351830028,
        "Driver": 0.006700453605184466,
        "Edit": 0.0,
        "ExtractAPI": 0.0020866285257226495,
        "Format": 0.0020983139822828185,
        "Frontend": 0.0024891432791991335,
        "FrontendTool": 0.0008902390367139169,
        "Headers": 0.015901741607118644,
        "Index": 0.0004623029696789244,
        "InstallAPI": 0.0006192193358995884,
        "Interpreter": 0.0030598780608409454,
        "Lex": 0.0008681026757916168,
        "Parse": 0.0008526238802192833,
        "Rewrite": 0.0,
        "Sema": 0.004150604355751116,
        "Serialization": 0.00040783541220430693,
        "StaticAnalyzer": 0.007019122925920515,
        "Support": 0.0,
        "Testing": 0.0005973029630683927,
        "Tooling": 0.00690362864704369
    }
}