{
    "directory name": "llvm-project/llvm/lib/Target/PowerPC/MCTargetDesc",
    "score.sum": 0.06581040096755861,
    "sha.latest": "5b058709536dd883980722ee000bb7b8c7b2cd8b",
    "time.latest": 1717862990.519847,
    "formatted_time": "2024-06-08 11:09:50.519850",
    "filescores": {
        "CMakeLists.txt": 0.19490918181826836,
        "PPCAsmBackend.cpp": 0.7476485965864256,
        "PPCELFObjectWriter.cpp": 0.5443981728940268,
        "PPCELFStreamer.cpp": 0.17681455943009375,
        "PPCELFStreamer.h": 0.04743592740097426,
        "PPCFixupKinds.h": 0.18485576148670704,
        "PPCInstPrinter.cpp": 0.265472273647697,
        "PPCInstPrinter.h": 0.12622708892374712,
        "PPCMCAsmInfo.cpp": 0.4208333605798667,
        "PPCMCAsmInfo.h": 0.20353677139708642,
        "PPCMCCodeEmitter.cpp": 0.9504229092978613,
        "PPCMCCodeEmitter.h": 0.1900336937530919,
        "PPCMCExpr.cpp": 0.11129316398074307,
        "PPCMCExpr.h": 0.12585434968652,
        "PPCMCTargetDesc.cpp": 1.0361924208560371,
        "PPCMCTargetDesc.h": 0.48478367933202876,
        "PPCPredicates.cpp": 0.05118728443355995,
        "PPCPredicates.h": 0.16105266946010866,
        "PPCXCOFFObjectWriter.cpp": 0.11704077076220785,
        "PPCXCOFFStreamer.cpp": 0.04413857837200795,
        "PPCXCOFFStreamer.h": 0.02007646631636598
    },
    "subdirscores": {}
}