{
    "directory name": "llvm-project/llvm/include/llvm/DebugInfo/PDB/Native",
    "score.sum": 0.0011198617718218321,
    "sha.latest": "ab20f23e7e65c7b19469e7d6e438ea14e22b9fff",
    "time.latest": 1717814037.5889938,
    "formatted_time": "2024-06-07 21:33:57.588997",
    "filescores": {
        "DbiModuleDescriptor.h": 2.2782396448674596,
        "DbiModuleDescriptorBuilder.h": 3.98869605421327,
        "DbiModuleList.h": 1.7052329061544513,
        "DbiStream.h": 2.1339611045412616,
        "DbiStreamBuilder.h": 3.2004692216535195,
        "EnumTables.h": 1.1836180543513541,
        "FormatUtil.h": 1.103228323198262,
        "GSIStreamBuilder.h": 2.301150030040753,
        "GlobalsStream.h": 2.016111978050728,
        "Hash.h": 0.6621428317458421,
        "HashTable.h": 5.31971847117775,
        "ISectionContribVisitor.h": 0.8123104028281134,
        "InfoStream.h": 1.8357561451479456,
        "InfoStreamBuilder.h": 2.3956932003923237,
        "InjectedSourceStream.h": 1.1803672167395316,
        "InputFile.h": 1.0777886490826634,
        "LinePrinter.h": 0.8897349621326217,
        "ModuleDebugStream.h": 1.6624271505601658,
        "NamedStreamMap.h": 1.8833880229285287,
        "NativeCompilandSymbol.h": 2.558584879920919,
        "NativeEnumGlobals.h": 0.5928010742599619,
        "NativeEnumInjectedSources.h": 0.5446745502284753,
        "NativeEnumLineNumbers.h": 1.0745125550474361,
        "NativeEnumModules.h": 1.4960846482050796,
        "NativeEnumSymbols.h": 0.5446745502284753,
        "NativeEnumTypes.h": 1.254062809235121,
        "NativeExeSymbol.h": 1.3478560056174225,
        "NativeFunctionSymbol.h": 0.7602136294395666,
        "NativeInlineSiteSymbol.h": 1.0697231326151029,
        "NativeLineNumber.h": 1.017785818213174,
        "NativePublicSymbol.h": 0.6026845150337324,
        "NativeRawSymbol.h": 4.3043636775285705,
        "NativeSession.h": 5.150402310828025,
        "NativeSourceFile.h": 0.5446745502284753,
        "NativeSymbolEnumerator.h": 0.9773812829693246,
        "NativeTypeArray.h": 0.5446745502284753,
        "NativeTypeBuiltin.h": 0.6602125485497327,
        "NativeTypeEnum.h": 1.0601038860478367,
        "NativeTypeFunctionSig.h": 1.6806954812910793,
        "NativeTypePointer.h": 1.2415942117600376,
        "NativeTypeTypedef.h": 1.7170607158274447,
        "NativeTypeUDT.h": 1.2112448047310398,
        "NativeTypeVTShape.h": 1.2955699959775309,
        "PDBFile.h": 2.663346597412961,
        "PDBFileBuilder.h": 4.128919139312356,
        "PDBStringTable.h": 1.6308319207146176,
        "PDBStringTableBuilder.h": 2.1631615189275197,
        "PublicsStream.h": 1.6235126860388978,
        "RawConstants.h": 1.808586804165084,
        "RawError.h": 1.5073596418282984,
        "RawTypes.h": 3.221618065805689,
        "SymbolCache.h": 2.482636019218913,
        "SymbolStream.h": 1.3700639501276135,
        "TpiHashing.h": 1.427697882474394,
        "TpiStream.h": 2.311103118276434,
        "TpiStreamBuilder.h": 2.779492101878641
    },
    "subdirscores": {}
}