{
    "directory name": "llvm-project/cross-project-tests/debuginfo-tests/dexter/dex/debugger/dbgeng",
    "score.sum": 0.0009151151506400353,
    "sha.latest": "f98ee40f4b5d7474fc67e82824bf6abbaedb7b1c",
    "time.latest": 1717788629.4864771,
    "formatted_time": "2024-06-08 01:00:29.486482",
    "filescores": {
        "breakpoint.py": 0.02007646631636598,
        "client.py": 0.02007646631636598,
        "control.py": 0.02007646631636598,
        "dbgeng.py": 0.057918576764046215,
        "probe_process.py": 0.02007646631636598,
        "README.md": 0.0,
        "setup.py": 0.02007646631636598,
        "symbols.py": 0.02007646631636598,
        "symgroup.py": 0.02007646631636598,
        "sysobjs.py": 0.02007646631636598,
        "utils.py": 0.02007646631636598,
        "__init__.py": 0.02007646631636598
    },
    "subdirscores": {}
}