{
    "directory name": "llvm-project/polly/docs",
    "score.sum": 0.01693867664958275,
    "sha.latest": "4706251a3186c34da0ee8fd894f7e6b095da8fdc",
    "time.latest": 1717793014.0467043,
    "formatted_time": "2024-06-07 15:43:34.046708",
    "filescores": {
        "Architecture.rst": 0.03492274318331606,
        "CMakeLists.txt": 0.02007646631636598,
        "HowToManuallyUseTheIndividualPiecesOfPolly.rst": 0.0717812445498899,
        "Performance.rst": 0.02007749480756912,
        "ReleaseNotes.rst": 0.3038707087008658,
        "TipsAndTricks.rst": 0.03533022053350021,
        "UsingPollyWithClang.rst": 0.06706329086841321,
        "conf.py": 0.1328141086122246,
        "doxygen.cfg.in": 0.03666298582206584,
        "index.rst": 0.05670691296028842
    },
    "subdirscores": {
        "experiments": 0.0013381399055764909,
        "images": 0.000805724668561183
    }
}