{
    "directory name": "llvm-project/clang/lib/Format",
    "score.sum": 0.013038012967712273,
    "sha.latest": "83fe0b13824bc419092bad47727aa1c8ca69330a",
    "time.latest": 1717811916.9098258,
    "formatted_time": "2024-06-08 07:28:36.909832",
    "filescores": {
        ".clang-format": 0.12842101953814725,
        "AffectedRangeManager.cpp": 0.21330067255993812,
        "AffectedRangeManager.h": 0.11607556150948699,
        "BreakableToken.cpp": 2.600387458580217,
        "BreakableToken.h": 0.8738384850792548,
        "CMakeLists.txt": 0.6302149489780731,
        "ContinuationIndenter.cpp": 8.292705709686057,
        "ContinuationIndenter.h": 0.8675614990438781,
        "DefinitionBlockSeparator.cpp": 0.18461512300223104,
        "DefinitionBlockSeparator.h": 0.0467832183014117,
        "Encoding.h": 0.2665906295263453,
        "Format.cpp": 16.027650353080634,
        "FormatInternal.h": 0.07512135483431927,
        "FormatToken.cpp": 1.4917054975202995,
        "FormatToken.h": 6.150139899649246,
        "FormatTokenLexer.cpp": 2.778363245244692,
        "FormatTokenLexer.h": 1.086429534436658,
        "FormatTokenSource.h": 0.06709450723141974,
        "IntegerLiteralSeparatorFixer.cpp": 0.1743549000783428,
        "IntegerLiteralSeparatorFixer.h": 0.050637753381134076,
        "MacroCallReconstructor.cpp": 0.09733167302048631,
        "MacroExpander.cpp": 0.1780893584583629,
        "Macros.h": 0.1657251884627959,
        "MatchFilePath.cpp": 0.0467832183014117,
        "MatchFilePath.h": 0.0,
        "NamespaceEndCommentsFixer.cpp": 0.8344193361808234,
        "NamespaceEndCommentsFixer.h": 0.12103996556468753,
        "ObjCPropertyAttributeOrderFixer.cpp": 0.0467832183014117,
        "ObjCPropertyAttributeOrderFixer.h": 0.0467832183014117,
        "QualifierAlignmentFixer.cpp": 0.6549366871650841,
        "QualifierAlignmentFixer.h": 0.22898169223985382,
        "SortJavaScriptImports.cpp": 1.0902697121703455,
        "SortJavaScriptImports.h": 0.08130121368161186,
        "TokenAnalyzer.cpp": 0.47646098247486285,
        "TokenAnalyzer.h": 0.21405123321928046,
        "TokenAnnotator.cpp": 23.865602024041785,
        "TokenAnnotator.h": 1.3688057504309898,
        "UnwrappedLineFormatter.cpp": 4.7205296832737265,
        "UnwrappedLineFormatter.h": 0.26872091394455866,
        "UnwrappedLineParser.cpp": 14.208644897409146,
        "UnwrappedLineParser.h": 3.1964440059969146,
        "UsingDeclarationsSorter.cpp": 0.1907038748257741,
        "UsingDeclarationsSorter.h": 0.08349033691804733,
        "WhitespaceManager.cpp": 4.4507078578154164,
        "WhitespaceManager.h": 1.2414025865394382
    },
    "subdirscores": {}
}