{
    "directory name": "llvm-project/polly/lib/External/isl/interface",
    "score.sum": 6.886446610072577e-05,
    "sha.latest": "e1e34cc2a17c5f640333767df2d3bfe2b2f81a84",
    "time.latest": 1717795905.353673,
    "formatted_time": "2024-06-07 16:31:45.353676",
    "filescores": {
        "configure.ac": 8.281888044711254e-06,
        "cpp.cc": 1.8363099650609586e-05,
        "cpp.h": 1.2208058015909189e-05,
        "cpp_conversion.cc": 6.099602068851199e-06,
        "cpp_conversion.h": 6.163529893494205e-06,
        "extract_interface.cc": 3.3805336117251415e-05,
        "extract_interface.h": 6.760004295068864e-06,
        "generator.cc": 1.8363099650609586e-05,
        "generator.h": 1.5003511299898701e-05,
        "plain_cpp.cc": 6.099602068851199e-06,
        "plain_cpp.h": 6.099602068851199e-06,
        "python.cc": 2.7429480027494982e-05,
        "python.h": 1.5574118204878997e-05,
        "set_lang_defaults_arg4.h": 0,
        "template_cpp.cc": 6.750635712336559e-06,
        "template_cpp.h": 6.099602068851199e-06
    },
    "subdirscores": {}
}