{
    "directory name": "llvm-project/polly/lib/External/isl/interface",
    "score.sum": 0.003581284478279446,
    "sha.latest": "e1e34cc2a17c5f640333767df2d3bfe2b2f81a84",
    "time.latest": 1717795905.353673,
    "formatted_time": "2024-06-07 16:31:45.353676",
    "filescores": {
        "configure.ac": 0.02725932683619722,
        "cpp.cc": 0.06044101687915027,
        "cpp.h": 0.0401820746301248,
        "cpp_conversion.cc": 0.02007646631636598,
        "cpp_conversion.h": 0.020286880832532207,
        "extract_interface.cc": 0.11126819163127036,
        "extract_interface.h": 0.02225013976264199,
        "generator.cc": 0.06044101687915027,
        "generator.h": 0.04938313775874957,
        "plain_cpp.cc": 0.02007646631636598,
        "plain_cpp.h": 0.02007646631636598,
        "python.cc": 0.09028245213890698,
        "python.h": 0.05126125540944417,
        "set_lang_defaults_arg4.h": 0.0,
        "template_cpp.cc": 0.02221930364685376,
        "template_cpp.h": 0.02007646631636598
    },
    "subdirscores": {}
}