{
    "directory name": "llvm-project/llvm/lib/ExecutionEngine/RuntimeDyld",
    "score.sum": 0.0015808647555752102,
    "sha.latest": "a37e8b85ee5187bc7a1fed7adce8ed5693215795",
    "time.latest": 1717837883.7021427,
    "formatted_time": "2024-06-08 04:11:23.702143",
    "filescores": {
        "CMakeLists.txt": 4.250901973520082e-05,
        "JITSymbol.cpp": 4.497629999697944e-05,
        "RTDyldMemoryManager.cpp": 6.977346850192315e-05,
        "RuntimeDyld.cpp": 0.0006225485774782861,
        "RuntimeDyldCOFF.cpp": 3.705026250296153e-05,
        "RuntimeDyldCOFF.h": 1.3953195262069092e-05,
        "RuntimeDyldChecker.cpp": 0.00015628408493811933,
        "RuntimeDyldCheckerImpl.h": 5.797115480350425e-05,
        "RuntimeDyldELF.cpp": 0.0005139160352603932,
        "RuntimeDyldELF.h": 0.0001287726497023706,
        "RuntimeDyldImpl.h": 0.0002817618892895728,
        "RuntimeDyldMachO.cpp": 0.00026509292894583874,
        "RuntimeDyldMachO.h": 0.00012531610962504617
    },
    "subdirscores": {
        "Targets": 0.00020123424326943295
    }
}