{
    "directory name": "llvm-project/flang/lib/Parser",
    "score.sum": 0.0007254966344598429,
    "sha.latest": "f7a15e0021697e2346d3aa335dedf2bb3cf468f9",
    "time.latest": 1717792087.17938,
    "formatted_time": "2024-06-07 15:28:07.179384",
    "filescores": {
        "CMakeLists.txt": 2.3994135385286424e-05,
        "Fortran-parsers.cpp": 8.185212626378978e-05,
        "basic-parsers.h": 3.751782172705818e-05,
        "char-block.cpp": 1.035485236247301e-05,
        "char-buffer.cpp": 1.050346424470464e-05,
        "char-set.cpp": 6.099602068851199e-06,
        "characters.cpp": 6.239340212818117e-06,
        "debug-parser.cpp": 7.871735500388222e-06,
        "debug-parser.h": 6.099602068851199e-06,
        "executable-parsers.cpp": 4.008856183634684e-05,
        "expr-parsers.cpp": 1.9714523872333322e-05,
        "expr-parsers.h": 6.099602068851199e-06,
        "instrumented-parser.cpp": 7.871735500388222e-06,
        "io-parsers.cpp": 3.013716786499323e-05,
        "message.cpp": 4.997866157096729e-05,
        "misc-parsers.h": 6.266210671035571e-06,
        "openacc-parsers.cpp": 8.202190079003228e-05,
        "openmp-parsers.cpp": 0.00014727799488478823,
        "parse-tree.cpp": 2.4380390874929294e-05,
        "parsing.cpp": 4.4765905998640296e-05,
        "preprocessor.cpp": 8.305909221151455e-05,
        "preprocessor.h": 3.302173869417618e-05,
        "prescan.cpp": 0.00015541898332690517,
        "prescan.h": 5.15783780924219e-05,
        "program-parsers.cpp": 2.5692222667000127e-05,
        "provenance.cpp": 5.41080697718008e-05,
        "source.cpp": 2.3397468609030692e-05,
        "stmt-parser.h": 1.3969699174754544e-05,
        "token-parsers.h": 1.8029107528644137e-05,
        "token-sequence.cpp": 3.775833705855277e-05,
        "token-sequence.h": 2.6585579218459203e-05,
        "tools.cpp": 2.0171805410920537e-05,
        "type-parser-implementation.h": 6.099602068851199e-06,
        "type-parsers.h": 1.6709846974704322e-05,
        "unparse.cpp": 0.00022417306003165468,
        "user-state.cpp": 6.3879290000911454e-06
    },
    "subdirscores": {}
}