{
    "directory name": "llvm-project/clang-tools-extra/clang-tidy/abseil",
    "score.sum": 0.000981934723248297,
    "sha.latest": "76bbbcb41bcf4a1d7a26bb11b78cf97b60ea7d4b",
    "time.latest": 1717790894.0609012,
    "formatted_time": "2024-06-08 01:38:14.060907",
    "filescores": {
        "AbseilMatcher.h": 2.609278007092931,
        "AbseilTidyModule.cpp": 3.151414809197725,
        "CleanupCtadCheck.cpp": 1.2400572124323235,
        "CleanupCtadCheck.h": 0.9312704575082175,
        "CMakeLists.txt": 3.884851866309671,
        "DurationAdditionCheck.cpp": 2.231295780423048,
        "DurationAdditionCheck.h": 1.3690797011429183,
        "DurationComparisonCheck.cpp": 2.007399982150871,
        "DurationComparisonCheck.h": 1.4064906648366566,
        "DurationConversionCastCheck.cpp": 1.9739783393397734,
        "DurationConversionCastCheck.h": 1.373334020849675,
        "DurationDivisionCheck.cpp": 2.080980464418231,
        "DurationDivisionCheck.h": 2.144268913958898,
        "DurationFactoryFloatCheck.cpp": 2.8662585170674535,
        "DurationFactoryFloatCheck.h": 1.434284729727712,
        "DurationFactoryScaleCheck.cpp": 5.90677768051725,
        "DurationFactoryScaleCheck.h": 1.4171176392536227,
        "DurationRewriter.cpp": 6.613561104718456,
        "DurationRewriter.h": 4.199603987293089,
        "DurationSubtractionCheck.cpp": 1.8931694928984912,
        "DurationSubtractionCheck.h": 1.3992684669303084,
        "DurationUnnecessaryConversionCheck.cpp": 1.1929577748292426,
        "DurationUnnecessaryConversionCheck.h": 1.3666140494906016,
        "FasterStrsplitDelimiterCheck.cpp": 4.305602026486403,
        "FasterStrsplitDelimiterCheck.h": 1.6903671745828857,
        "NoInternalDependenciesCheck.cpp": 1.0892927632603613,
        "NoInternalDependenciesCheck.h": 1.6841909239669413,
        "NoNamespaceCheck.cpp": 1.235234228880386,
        "NoNamespaceCheck.h": 1.6853163770354969,
        "RedundantStrcatCallsCheck.cpp": 2.4788565612993563,
        "RedundantStrcatCallsCheck.h": 1.6842978136510343,
        "StrCatAppendCheck.cpp": 1.984654469292736,
        "StrCatAppendCheck.h": 1.6843049336026303,
        "StringFindStartswithCheck.cpp": 7.18895258527744,
        "StringFindStartswithCheck.h": 2.313884362837287,
        "StringFindStrContainsCheck.cpp": 3.2118388625534005,
        "StringFindStrContainsCheck.h": 1.5764114140839214,
        "TimeComparisonCheck.cpp": 1.8577002245366834,
        "TimeComparisonCheck.h": 1.354354601073522,
        "TimeSubtractionCheck.cpp": 3.0320544420951627,
        "TimeSubtractionCheck.h": 1.358589506355331,
        "UpgradeDurationConversionsCheck.cpp": 1.9844380396208572,
        "UpgradeDurationConversionsCheck.h": 1.9063450271210445
    },
    "subdirscores": {},
    "score.percentage": 2.1816043288588256
}