{
    "directory name": "llvm-project/polly/lib/Support",
    "score.sum": 0.06917961802346155,
    "sha.latest": "b5a273a1cfe6f509f8d2541e04d9186438f33348",
    "time.latest": 1717809240.291493,
    "formatted_time": "2024-06-07 20:14:00.291496",
    "filescores": {
        "DumpFunctionPass.cpp": 0.036360735475474665,
        "DumpModulePass.cpp": 0.08509277408163801,
        "GICHelper.cpp": 0.39518924422892826,
        "ISLTools.cpp": 0.39299525134537244,
        "Mainpage.h": 0.0,
        "PollyPasses.def": 0.16028585484337005,
        "RegisterPasses.cpp": 1.174848720954246,
        "SCEVAffinator.cpp": 0.34433618748329076,
        "SCEVValidator.cpp": 0.7190392308288498,
        "ScopHelper.cpp": 1.0356584147699985,
        "ScopLocation.cpp": 0.0510191546919345,
        "VirtualInstruction.cpp": 0.07655300553476371
    },
    "subdirscores": {}
}