{
    "directory name": "llvm-project/mlir/lib/Bindings/Python",
    "score.sum": 0.0014053628954606664,
    "sha.latest": "0e5bde021252f68b378b31fd64a885a8b28aad65",
    "time.latest": 1717801704.4472594,
    "formatted_time": "2024-06-07 18:08:24.447263",
    "filescores": {
        "AsyncPasses.cpp": 0.4340232753086739,
        "DialectLLVM.cpp": 0.4340232753086739,
        "DialectLinalg.cpp": 1.0914346442999607,
        "DialectPDL.cpp": 0.4340232753086739,
        "DialectQuant.cpp": 0.435583535157399,
        "DialectSparseTensor.cpp": 7.093653789986824,
        "DialectTransform.cpp": 1.7249961208115148,
        "ExecutionEngineModule.cpp": 1.1155472386147147,
        "GPUPasses.cpp": 0.4340232753086739,
        "Globals.h": 4.592136925287556,
        "IRAffine.cpp": 2.657150782587047,
        "IRAttributes.cpp": 10.382324481886132,
        "IRCore.cpp": 26.712533231809736,
        "IRInterfaces.cpp": 3.7629777959236623,
        "IRModule.cpp": 5.900592565865257,
        "IRModule.h": 12.809194746702174,
        "IRTypes.cpp": 6.589930967076489,
        "LinalgPasses.cpp": 0.0,
        "MainModule.cpp": 3.6751962972081054,
        "Pass.cpp": 4.431009364442439,
        "Pass.h": 0.4340232753086739,
        "PybindUtils.h": 3.584343992147655,
        "RegisterEverything.cpp": 0.4340232753086739,
        "SparseTensorPasses.cpp": 0.0,
        "TransformInterpreter.cpp": 0.8372538683413037
    },
    "subdirscores": {}
}