{
    "directory name": "llvm-project/lldb/source/Plugins/Process/FreeBSD",
    "score.sum": 0.0006349903143617435,
    "sha.latest": "73b2d672c1c8318cd16a02812c39ae3997b9dbcd",
    "time.latest": 1717874598.8270714,
    "formatted_time": "2024-06-09 00:53:18.827074",
    "filescores": {
        "CMakeLists.txt": 2.8162138267921946e-05,
        "NativeProcessFreeBSD.cpp": 3.806988290492921e-05,
        "NativeProcessFreeBSD.h": 9.572952186268639e-06,
        "NativeRegisterContextFreeBSD.cpp": 0,
        "NativeRegisterContextFreeBSD.h": 1.1697729283556462e-05,
        "NativeRegisterContextFreeBSD_arm.cpp": 1.219895234686342e-05,
        "NativeRegisterContextFreeBSD_arm.h": 6.099602068851199e-06,
        "NativeRegisterContextFreeBSD_arm64.cpp": 2.033376562735559e-05,
        "NativeRegisterContextFreeBSD_arm64.h": 8.047058362134847e-06,
        "NativeRegisterContextFreeBSD_mips64.cpp": 2.6741833871206518e-05,
        "NativeRegisterContextFreeBSD_mips64.h": 1.7678917575278578e-05,
        "NativeRegisterContextFreeBSD_powerpc.cpp": 2.497672212076751e-05,
        "NativeRegisterContextFreeBSD_powerpc.h": 1.585459499193915e-05,
        "NativeRegisterContextFreeBSD_x86_64.cpp": 3.240575494761759e-05,
        "NativeRegisterContextFreeBSD_x86_64.h": 1.6941534090288762e-05,
        "NativeThreadFreeBSD.cpp": 2.8256877683667157e-05,
        "NativeThreadFreeBSD.h": 7.371849769286754e-06
    },
    "subdirscores": {}
}