{
    "directory name": "llvm-project/cross-project-tests/debuginfo-tests/llgdb-tests",
    "score.sum": 3.784357948847645e-05,
    "sha.latest": "69b8bc71110aca64c74a14800e800f4b151d5d6f",
    "time.latest": 1717793110.7618837,
    "formatted_time": "2024-06-08 02:15:10.761888",
    "filescores": {
        "apple-accel.cpp": 0,
        "asan-blocks.c": 1.217243823788277e-05,
        "asan-deque.cpp": 1.8265125097350612e-05,
        "asan.c": 1.217243823788277e-05,
        "blocks.m": 6.099602068851199e-06,
        "block_var.m": 0,
        "foreach.m": 0,
        "forward-declare-class.cpp": 0,
        "lit.local.cfg": 6.099602068851199e-06,
        "llgdb.py": 1.1231761612065625e-05,
        "nested-struct.cpp": 6.099602068851199e-06,
        "nrvo-string.cpp": 6.099602068851199e-06,
        "safestack.c": 1.217243823788277e-05,
        "sret.cpp": 6.099602068851199e-06,
        "static-member-2.cpp": 2.2534261645596493e-05,
        "static-member.cpp": 1.1827186095622636e-05,
        "test_debuginfo.pl": 6.099602068851199e-06
    },
    "subdirscores": {}
}