{
    "directory name": "llvm-project/cross-project-tests/debuginfo-tests/llgdb-tests",
    "score.sum": 0.0019680487121817207,
    "sha.latest": "69b8bc71110aca64c74a14800e800f4b151d5d6f",
    "time.latest": 1717793110.7618837,
    "formatted_time": "2024-06-08 02:15:10.761888",
    "filescores": {
        "apple-accel.cpp": 0.0,
        "asan-blocks.c": 0.04006483431417113,
        "asan-deque.cpp": 0.06011853964274012,
        "asan.c": 0.04006483431417113,
        "blocks.m": 0.02007646631636598,
        "block_var.m": 0.0,
        "foreach.m": 0.0,
        "forward-declare-class.cpp": 0.0,
        "lit.local.cfg": 0.02007646631636598,
        "llgdb.py": 0.036968654861866686,
        "nested-struct.cpp": 0.02007646631636598,
        "nrvo-string.cpp": 0.02007646631636598,
        "safestack.c": 0.04006483431417113,
        "sret.cpp": 0.02007646631636598,
        "static-member-2.cpp": 0.0741701409018642,
        "static-member.cpp": 0.03892845805117923,
        "test_debuginfo.pl": 0.02007646631636598
    },
    "subdirscores": {}
}