{
    "directory name": "llvm-project/cross-project-tests/debuginfo-tests/llgdb-tests",
    "score.sum": 0.00013697326157739088,
    "sha.latest": "69b8bc71110aca64c74a14800e800f4b151d5d6f",
    "time.latest": 1717793110.7618837,
    "formatted_time": "2024-06-08 02:15:10.761888",
    "filescores": {
        "apple-accel.cpp": 0.0,
        "asan-blocks.c": 8.886725845398121,
        "asan-deque.cpp": 13.334810668161454,
        "asan.c": 8.886725845398121,
        "blocks.m": 4.453133406190288,
        "block_var.m": 0.0,
        "foreach.m": 0.0,
        "forward-declare-class.cpp": 0.0,
        "lit.local.cfg": 4.453133406190288,
        "llgdb.py": 8.199966535599795,
        "nested-struct.cpp": 4.453133406190288,
        "nrvo-string.cpp": 4.453133406190288,
        "safestack.c": 8.886725845398121,
        "sret.cpp": 4.453133406190288,
        "static-member-2.cpp": 16.451577034883172,
        "static-member.cpp": 8.634667788019481,
        "test_debuginfo.pl": 4.453133406190288
    },
    "subdirscores": {}
}