{
    "directory name": "llvm-project/openmp/libomptarget/DeviceRTL/src",
    "score.sum": 0.0009871133784043035,
    "sha.latest": "99335a646bc0b10066d77cec08ae8cab0162efde",
    "time.latest": 1717794964.4476907,
    "formatted_time": "2024-06-08 02:46:04.447694",
    "filescores": {
        "Allocator.cpp": 0.6179231486773461,
        "Configuration.cpp": 8.24811963776522,
        "Debug.cpp": 7.3472429341875145,
        "exports": 2.547796056607864,
        "Kernel.cpp": 11.314741939585167,
        "LibC.cpp": 1.0255083987171867,
        "Mapping.cpp": 9.230680949416566,
        "Misc.cpp": 3.8832038912815494,
        "Parallelism.cpp": 9.193687324392537,
        "Reduction.cpp": 9.632681398594675,
        "State.cpp": 15.409694891193142,
        "Stub.cpp": 0.0,
        "Synchronization.cpp": 10.6239902216936,
        "Tasking.cpp": 1.9707680428100287,
        "Utils.cpp": 5.198672459604085,
        "Workshare.cpp": 3.7552887054735153
    },
    "subdirscores": {},
    "score.percentage": 50.174838553793
}