{
    "directory name": "llvm-project/openmp/libomptarget/DeviceRTL/src",
    "score.sum": 0.024511592189982213,
    "sha.latest": "99335a646bc0b10066d77cec08ae8cab0162efde",
    "time.latest": 1717794964.4476907,
    "formatted_time": "2024-06-08 02:46:04.447694",
    "filescores": {
        "Allocator.cpp": 0.02007646631636598,
        "Configuration.cpp": 0.26798331869488845,
        "Debug.cpp": 0.23871362579976022,
        "exports": 0.08277848438101912,
        "Kernel.cpp": 0.3676185880310314,
        "LibC.cpp": 0.03331900555605583,
        "Mapping.cpp": 0.29990696343834333,
        "Misc.cpp": 0.12616619443658897,
        "Parallelism.cpp": 0.29870503198731263,
        "Reduction.cpp": 0.3129680512036481,
        "State.cpp": 0.500664558514634,
        "Stub.cpp": 0.0,
        "Synchronization.cpp": 0.34517590462144254,
        "Tasking.cpp": 0.06403071047514,
        "Utils.cpp": 0.16890607310709294,
        "Workshare.cpp": 0.12201020040282662
    },
    "subdirscores": {}
}