{
    "directory name": "llvm-project/llvm/lib/Target/LoongArch",
    "score.sum": 0.056871921578557534,
    "sha.latest": "edd4c6c6dca4c556de22b2ab73d5bfc02d28e59b",
    "time.latest": 1717858672.2561603,
    "formatted_time": "2024-06-08 09:57:52.256161",
    "filescores": {
        "CMakeLists.txt": 0.1221641420094055,
        "LoongArch.h": 0.051597339230886774,
        "LoongArch.td": 0.21243007487651036,
        "LoongArchAsmPrinter.cpp": 0.14035607391655963,
        "LoongArchAsmPrinter.h": 0.07720525207554237,
        "LoongArchCallingConv.td": 0.0,
        "LoongArchExpandAtomicPseudoInsts.cpp": 0.0820746080710468,
        "LoongArchExpandPseudoInsts.cpp": 0.0994694507081371,
        "LoongArchFloat32InstrInfo.td": 0.25763227452448273,
        "LoongArchFloat64InstrInfo.td": 0.22576906374878924,
        "LoongArchFloatInstrFormats.td": 0.0828801719363808,
        "LoongArchFrameLowering.cpp": 0.1383034137161507,
        "LoongArchFrameLowering.h": 0.10893981731336705,
        "LoongArchISelDAGToDAG.cpp": 0.1584423838724337,
        "LoongArchISelDAGToDAG.h": 0.13193734307719063,
        "LoongArchISelLowering.cpp": 1.4953948427796384,
        "LoongArchISelLowering.h": 0.6468541492641721,
        "LoongArchInstrFormats.td": 0.05284745421373033,
        "LoongArchInstrInfo.cpp": 0.21691698024278988,
        "LoongArchInstrInfo.h": 0.08569897609416677,
        "LoongArchInstrInfo.td": 0.8901053033265485,
        "LoongArchLASXInstrFormats.td": 0.02007646631636598,
        "LoongArchLASXInstrInfo.td": 0.3513684989426686,
        "LoongArchLBTInstrFormats.td": 0.0,
        "LoongArchLBTInstrInfo.td": 0.0,
        "LoongArchLSXInstrFormats.td": 0.02007646631636598,
        "LoongArchLSXInstrInfo.td": 0.31624662528127867,
        "LoongArchLVZInstrInfo.td": 0.0,
        "LoongArchMCInstLower.cpp": 0.0835500458431821,
        "LoongArchMachineFunctionInfo.h": 0.04530142442018954,
        "LoongArchRegisterInfo.cpp": 0.08618316264795138,
        "LoongArchRegisterInfo.h": 0.04513239274580794,
        "LoongArchRegisterInfo.td": 0.10590042781094598,
        "LoongArchSubtarget.cpp": 0.055115064388733356,
        "LoongArchSubtarget.h": 0.14265405938280853,
        "LoongArchTargetMachine.cpp": 0.20635337981229107,
        "LoongArchTargetMachine.h": 0.09705167479922441,
        "LoongArchTargetTransformInfo.cpp": 0.0402058848205051,
        "LoongArchTargetTransformInfo.h": 0.02036413929132157
    },
    "subdirscores": {
        "AsmParser": 0.004062212674048371,
        "Disassembler": 0.001289831694330093,
        "MCTargetDesc": 0.009354330669403502,
        "TargetInfo": 0.0011641311095495284
    }
}