{
    "directory name": "llvm-project/llvm/lib/Target/AVR",
    "score.sum": 0.08274239036974602,
    "sha.latest": "3d14e85578ab4f91bfe74497c69ad5dec3007621",
    "time.latest": 1717853125.5190794,
    "formatted_time": "2024-06-08 08:25:25.519080",
    "filescores": {
        "AVR.h": 0.17770829353355796,
        "AVR.td": 0.07601656137139569,
        "AVRAsmPrinter.cpp": 0.36759109169205684,
        "AVRCallingConv.td": 0.10774835657640283,
        "AVRDevices.td": 0.2082831225563298,
        "AVRExpandPseudoInsts.cpp": 0.69832768547301,
        "AVRFrameLowering.cpp": 0.4344925188503719,
        "AVRFrameLowering.h": 0.0689424156912414,
        "AVRISelDAGToDAG.cpp": 0.3154088280000131,
        "AVRISelLowering.cpp": 1.2100816534229053,
        "AVRISelLowering.h": 0.3739322021176648,
        "AVRInstrFormats.td": 0.21403260359530038,
        "AVRInstrInfo.cpp": 0.3030465565322434,
        "AVRInstrInfo.h": 0.1263484528126241,
        "AVRInstrInfo.td": 0.7628747455865268,
        "AVRMCInstLower.cpp": 0.04652713993389911,
        "AVRMCInstLower.h": 0.04302338627744456,
        "AVRMachineFunctionInfo.h": 0.09064859572067202,
        "AVRRegisterInfo.cpp": 0.2944053925971675,
        "AVRRegisterInfo.h": 0.11674130221377013,
        "AVRRegisterInfo.td": 0.11668574172430328,
        "AVRSelectionDAGInfo.h": 0.022806574027625915,
        "AVRShiftExpand.cpp": 0.02007646631636598,
        "AVRSubtarget.cpp": 0.18258745547936106,
        "AVRSubtarget.h": 0.28041722657018175,
        "AVRTargetMachine.cpp": 0.3726673931100462,
        "AVRTargetMachine.h": 0.14312871193561041,
        "AVRTargetObjectFile.cpp": 0.0729771143220007,
        "AVRTargetObjectFile.h": 0.036397339830779016,
        "CMakeLists.txt": 0.16437115733491936,
        "README.md": 0.0,
        "TODO.md": 0.0
    },
    "subdirscores": {
        "AsmParser": 0.007508708611443326,
        "Disassembler": 0.006948286517256062,
        "MCTargetDesc": 0.01604747216464548,
        "TargetInfo": 0.00285021624950588
    }
}