{
    "directory name": "llvm-project/clang/tools/libclang",
    "score.sum": 0.004523467950949522,
    "sha.latest": "2e5af56b05c2d39ab2c829bf4c13190523b67ddd",
    "time.latest": 1718082605.7480052,
    "formatted_time": "2024-06-11 10:40:05.748007",
    "filescores": {
        "ARCMigrate.cpp": 3.876938084258924e-05,
        "BuildSystem.cpp": 2.049744569499014e-05,
        "CIndex.cpp": 0.0026539164792731777,
        "CIndexCodeCompletion.cpp": 0.0002298465914001219,
        "CIndexCXX.cpp": 2.2399509466284552e-05,
        "CIndexDiagnostic.cpp": 0.00012270932348466267,
        "CIndexDiagnostic.h": 3.771835518787184e-05,
        "CIndexer.cpp": 0.00010603118987097753,
        "CIndexer.h": 7.736229514362274e-05,
        "CIndexHigh.cpp": 4.410550908891395e-05,
        "CIndexInclusionStack.cpp": 4.413569176322651e-05,
        "CIndexUSRs.cpp": 7.426163935431003e-05,
        "CLog.h": 2.5093864004007952e-05,
        "CMakeLists.txt": 0.0003785066288161128,
        "CursorVisitor.h": 7.670696354159075e-05,
        "CXComment.cpp": 4.469883643252601e-05,
        "CXComment.h": 1.600485615475788e-05,
        "CXCompilationDatabase.cpp": 3.297202319336083e-05,
        "CXCursor.cpp": 0.0006564665158554434,
        "CXCursor.h": 7.145365351808365e-05,
        "CXExtractAPI.cpp": 1.411311392192041e-05,
        "CXFile.h": 6.099602068851199e-06,
        "CXIndexDataConsumer.cpp": 9.142766658448354e-05,
        "CXIndexDataConsumer.h": 6.036330619589964e-05,
        "CXLoadedDiagnostic.cpp": 7.120493080662167e-05,
        "CXLoadedDiagnostic.h": 2.462074087635297e-05,
        "CXSourceLocation.cpp": 4.7901942075825025e-05,
        "CXSourceLocation.h": 3.3012226564432575e-05,
        "CXStoredDiagnostic.cpp": 3.2419730254022666e-05,
        "CXString.cpp": 4.107386891893928e-05,
        "CXString.h": 4.670641205126846e-05,
        "CXTranslationUnit.h": 7.221065871315648e-05,
        "CXType.cpp": 0.00038016060257512613,
        "CXType.h": 1.2851635332850763e-05,
        "FatalErrorHandler.cpp": 1.6673006396785284e-05,
        "Indexing.cpp": 0.00025833264970699876,
        "Index_Internal.h": 1.4067906544188602e-05,
        "libclang.map": 8.584925226350289e-05,
        "linker-script-to-export-list.py": 1.573447106299241e-05,
        "Rewrite.cpp": 0
    },
    "subdirscores": {}
}