{
    "directory name": "llvm-project/llvm/lib/Target/RISCV/MCTargetDesc",
    "score.sum": 0.0015762686197976566,
    "sha.latest": "85388a06b6022d0a7bc984bcaff86cf96f045338",
    "time.latest": 1717864641.4464376,
    "formatted_time": "2024-06-08 11:37:21.446441",
    "filescores": {
        "CMakeLists.txt": 2.965211172273982e-05,
        "RISCVAsmBackend.cpp": 0.00024681345362487667,
        "RISCVAsmBackend.h": 6.996228743362846e-05,
        "RISCVBaseInfo.cpp": 0.00015824431243402696,
        "RISCVBaseInfo.h": 0.0004255585113186695,
        "RISCVELFObjectWriter.cpp": 9.831593968144833e-05,
        "RISCVELFStreamer.cpp": 0.00012383607618813734,
        "RISCVELFStreamer.h": 7.090279073183044e-05,
        "RISCVFixupKinds.h": 5.010769596922116e-05,
        "RISCVInstPrinter.cpp": 0.0001356992035462943,
        "RISCVInstPrinter.h": 5.118370506678204e-05,
        "RISCVMCAsmInfo.cpp": 2.8038156440976975e-05,
        "RISCVMCAsmInfo.h": 1.0876280942294668e-05,
        "RISCVMCCodeEmitter.cpp": 0.0001886659538708779,
        "RISCVMCExpr.cpp": 5.3676349914519823e-05,
        "RISCVMCExpr.h": 3.634945456829253e-05,
        "RISCVMCObjectFileInfo.cpp": 2.346743976965687e-05,
        "RISCVMCObjectFileInfo.h": 1.1756418215120899e-05,
        "RISCVMCTargetDesc.cpp": 0.00011487056599588046,
        "RISCVMCTargetDesc.h": 5.0240008290006234e-05,
        "RISCVMatInt.cpp": 0.00018676447837858204,
        "RISCVMatInt.h": 3.527863423395015e-05,
        "RISCVTargetStreamer.cpp": 0.00011597635687367601,
        "RISCVTargetStreamer.h": 6.73965006896571e-05
    },
    "subdirscores": {}
}