{
    "directory name": "llvm-project/llvm/tools/llvm-pdbutil",
    "score.sum": 0.0010923730424696695,
    "sha.latest": "099be86433a69f264aeb70e512ba1bbd0c7aefd7",
    "time.latest": 1718082379.214637,
    "formatted_time": "2024-06-11 00:06:19.214641",
    "filescores": {
        "BytesOutputStyle.cpp": 2.3275241721232924,
        "BytesOutputStyle.h": 0.7774876013309402,
        "CMakeLists.txt": 1.2008297189618815,
        "DumpOutputStyle.cpp": 12.600446524631481,
        "DumpOutputStyle.h": 3.148144224048318,
        "ExplainOutputStyle.cpp": 2.497166225370495,
        "ExplainOutputStyle.h": 1.4947023216663924,
        "MinimalSymbolDumper.cpp": 8.657070925211938,
        "MinimalSymbolDumper.h": 1.3149788870205352,
        "MinimalTypeDumper.cpp": 3.4423656035029406,
        "MinimalTypeDumper.h": 1.4922288778234027,
        "OutputStyle.h": 1.2522647405040717,
        "PdbYaml.cpp": 2.2086113704205546,
        "PdbYaml.h": 1.795444750470308,
        "PrettyBuiltinDumper.cpp": 1.6512373081856904,
        "PrettyBuiltinDumper.h": 0.5583808673144329,
        "PrettyClassDefinitionDumper.cpp": 1.8783398370809758,
        "PrettyClassDefinitionDumper.h": 1.2552786885343652,
        "PrettyClassLayoutGraphicalDumper.cpp": 1.8529752224145835,
        "PrettyClassLayoutGraphicalDumper.h": 0.6984513162295594,
        "PrettyCompilandDumper.cpp": 1.419190125859759,
        "PrettyCompilandDumper.h": 1.0223851633574983,
        "PrettyEnumDumper.cpp": 1.4604359739148416,
        "PrettyEnumDumper.h": 0.5583808673144329,
        "PrettyExternalSymbolDumper.cpp": 1.5064280644181594,
        "PrettyExternalSymbolDumper.h": 0.5583808673144329,
        "PrettyFunctionDumper.cpp": 2.5541394106925104,
        "PrettyFunctionDumper.h": 0.5583808673144329,
        "PrettyTypeDumper.cpp": 2.7886123205476703,
        "PrettyTypeDumper.h": 2.3638671466574364,
        "PrettyTypedefDumper.cpp": 1.59342737539721,
        "PrettyTypedefDumper.h": 0.5583808673144329,
        "PrettyVariableDumper.cpp": 1.3808828407538543,
        "PrettyVariableDumper.h": 0.5583808673144329,
        "StreamUtil.cpp": 1.8696945333020285,
        "StreamUtil.h": 1.414542244531728,
        "TypeReferenceTracker.cpp": 1.3882253643352194,
        "TypeReferenceTracker.h": 1.011653701927983,
        "YAMLOutputStyle.cpp": 1.8291773665643007,
        "YAMLOutputStyle.h": 0.9226645289046419,
        "llvm-pdbutil.cpp": 15.945470883413881,
        "llvm-pdbutil.h": 4.633369436002948
    },
    "subdirscores": {}
}