{
    "directory name": "llvm-project/llvm/lib/Target/Sparc",
    "score.sum": 0.005474392054242122,
    "sha.latest": "057e7252608e680348484c7942ac0d78bd174ec1",
    "time.latest": 1717867180.6915185,
    "formatted_time": "2024-06-08 12:19:40.691519",
    "filescores": {
        "CMakeLists.txt": 0.00010079567015020978,
        "DelaySlotFiller.cpp": 0.0001599615102824509,
        "LeonFeatures.td": 3.084959999466429e-05,
        "LeonPasses.cpp": 2.3942831546349145e-05,
        "LeonPasses.h": 2.7648372439759938e-05,
        "README.txt": 2.3881417563722955e-05,
        "Sparc.h": 9.994348331293213e-05,
        "Sparc.td": 0.00017036335504717139,
        "SparcASITags.td": 0,
        "SparcAsmPrinter.cpp": 0.0002935515164091466,
        "SparcCallingConv.td": 4.2526780886436404e-05,
        "SparcFrameLowering.cpp": 0.00012712912000379254,
        "SparcFrameLowering.h": 5.9989945225046384e-05,
        "SparcISelDAGToDAG.cpp": 0.00023690728025338505,
        "SparcISelLowering.cpp": 0.0009891445672439198,
        "SparcISelLowering.h": 0.00027455856179238534,
        "SparcInstr64Bit.td": 0.00014764413845693813,
        "SparcInstrAliases.td": 0.00010454190998452801,
        "SparcInstrFormats.td": 0.000103492476349575,
        "SparcInstrInfo.cpp": 0.000379756186851839,
        "SparcInstrInfo.h": 0.00013879228916877564,
        "SparcInstrInfo.td": 0.000607571171323082,
        "SparcInstrVIS.td": 1.6005975402724024e-05,
        "SparcMCInstLower.cpp": 1.6986997382525053e-05,
        "SparcMachineFunctionInfo.cpp": 1.0324486903582728e-05,
        "SparcMachineFunctionInfo.h": 3.2607901682303626e-05,
        "SparcRegisterInfo.cpp": 0.00018591245974342716,
        "SparcRegisterInfo.h": 0.00011645340499634505,
        "SparcRegisterInfo.td": 0.00013035118861074447,
        "SparcSchedule.td": 1.1979775942622623e-05,
        "SparcSubtarget.cpp": 0.0002075295710123036,
        "SparcSubtarget.h": 0.00019588049166768337,
        "SparcTargetMachine.cpp": 0.0003727928729102789,
        "SparcTargetMachine.h": 0.00019462204597449012,
        "SparcTargetObjectFile.cpp": 5.730047631098446e-05,
        "SparcTargetObjectFile.h": 3.322056758830259e-05
    },
    "subdirscores": {
        "AsmParser": 0.00026200016414159547,
        "Disassembler": 0.00014466517944552656,
        "MCTargetDesc": 0.0006173401139865031,
        "TargetInfo": 8.208679153509306e-05
    }
}