{
    "directory name": "llvm-project/llvm/lib/Target/Sparc",
    "score.sum": 0.2846947983768224,
    "sha.latest": "057e7252608e680348484c7942ac0d78bd174ec1",
    "time.latest": 1717867180.6915185,
    "formatted_time": "2024-06-08 12:19:40.691519",
    "filescores": {
        "CMakeLists.txt": 0.3317627697289033,
        "DelaySlotFiller.cpp": 0.5265035057779602,
        "LeonFeatures.td": 0.10153956736441505,
        "LeonPasses.cpp": 0.07880636238770838,
        "LeonPasses.h": 0.09100292309621537,
        "README.txt": 0.07860422202844707,
        "Sparc.h": 0.3289578489913317,
        "Sparc.td": 0.560740540209013,
        "SparcASITags.td": 0.0,
        "SparcAsmPrinter.cpp": 0.9662068221470661,
        "SparcCallingConv.td": 0.13997429248213558,
        "SparcFrameLowering.cpp": 0.41843770573480893,
        "SparcFrameLowering.h": 0.1974532274460518,
        "SparcISelDAGToDAG.cpp": 0.779765791017373,
        "SparcISelLowering.cpp": 3.255708710523983,
        "SparcISelLowering.h": 0.903692676255662,
        "SparcInstr64Bit.td": 0.4859616314442405,
        "SparcInstrAliases.td": 0.34409328850664445,
        "SparcInstrFormats.td": 0.3406391420253538,
        "SparcInstrInfo.cpp": 1.2499442107374175,
        "SparcInstrInfo.h": 0.45682631211269387,
        "SparcInstrInfo.td": 1.9997832675271936,
        "SparcInstrVIS.td": 0.052682686904179175,
        "SparcMCInstLower.cpp": 0.05591166061603305,
        "SparcMachineFunctionInfo.cpp": 0.03398241577299802,
        "SparcMachineFunctionInfo.h": 0.10732690958894628,
        "SparcRegisterInfo.cpp": 0.6119194651881013,
        "SparcRegisterInfo.h": 0.38329924418751166,
        "SparcRegisterInfo.td": 0.4290429470483088,
        "SparcSchedule.td": 0.03943069817913099,
        "SparcSubtarget.cpp": 0.6830708618444526,
        "SparcSubtarget.h": 0.6447286312466146,
        "SparcTargetMachine.cpp": 1.2270248897358191,
        "SparcTargetMachine.h": 0.6405865343876421,
        "SparcTargetObjectFile.cpp": 0.18860100537441638,
        "SparcTargetObjectFile.h": 0.1093434618633622
    },
    "subdirscores": {
        "AsmParser": 0.013625272571990131,
        "Disassembler": 0.007523287277621323,
        "MCTargetDesc": 0.032104664324346326,
        "TargetInfo": 0.004268909192825226
    }
}