{
    "directory name": "llvm-project/libcxx/src/filesystem",
    "score.sum": 0.00041468989187640854,
    "sha.latest": "4a39d08908942b2d415db405844cbe4af73e75d4",
    "time.latest": 1717842320.8347857,
    "formatted_time": "2024-06-08 15:55:20.834790",
    "filescores": {
        "directory_entry.cpp": 2.781920106270153,
        "directory_iterator.cpp": 16.767797466480197,
        "error.h": 3.3699694314001682,
        "filesystem_clock.cpp": 2.6490753816783266,
        "filesystem_error.cpp": 1.4708827459602234,
        "file_descriptor.h": 3.0920369164068346,
        "format_string.h": 1.591188579419189,
        "int128_builtins.cpp": 4.195476428090723,
        "operations.cpp": 45.17432599264479,
        "path.cpp": 1.4708827459602234,
        "path_parser.h": 1.5275376426815903,
        "posix_compat.h": 13.772695869134052,
        "time_utils.h": 2.1362106938735446
    },
    "subdirscores": {}
}