{
    "directory name": "llvm-project/compiler-rt/lib",
    "score.sum": 0.04506782223976363,
    "sha.latest": "bf8c7cda492f227d7e9a9fbc8e7a39adc7380a0e",
    "time.latest": 1717809454.4915318,
    "formatted_time": "2024-06-08 06:47:34.491533",
    "filescores": {
        "CMakeLists.txt": 0.0002813628241666062
    },
    "subdirscores": {
        "asan": 0.005789505094707549,
        "asan_abi": 1.9278966705819246e-05,
        "BlocksRuntime": 6.099828962887231e-06,
        "builtins": 0.0024082713306804865,
        "cfi": 9.600190674368244e-05,
        "dfsan": 0.0008169357800980069,
        "fuzzer": 0.0009630976658126266,
        "gwp_asan": 0.0002839730231413611,
        "hwasan": 0.0019530551703732602,
        "interception": 0.0006928022334607298,
        "lsan": 0.0014542114507694916,
        "memprof": 0.00031737670858541226,
        "msan": 0.0019103744586156427,
        "orc": 0.0003246334920659357,
        "profile": 0.0018716754895146842,
        "safestack": 9.7030149119069e-05,
        "sanitizer_common": 0.011793217599832054,
        "scudo": 0.0028918150898855476,
        "stats": 3.7353428070813984e-05,
        "tsan": 0.004803977866842335,
        "ubsan": 0.0009051853626430698,
        "ubsan_minimal": 6.231173137655435e-05,
        "xray": 0.0006517032986262893
    }
}