{
    "directory name": "llvm-project/libc/src",
    "score.sum": 0.35072882252570625,
    "sha.latest": "fe1645e25c5ab5e3ba8aa16d4f637633ded328ab",
    "time.latest": 1717843616.5590265,
    "formatted_time": "2024-06-08 05:46:56.559027",
    "filescores": {
        ".clang-tidy": 0.040632145738253314,
        "CMakeLists.txt": 0.34840920377014584
    },
    "subdirscores": {
        "__support": 0.19763451355095973,
        "assert": 0.00378195341136815,
        "compiler": 0.00037678786043591594,
        "ctype": 0.0015677870465313165,
        "dirent": 0.000823942768096247,
        "errno": 0.004199074008026974,
        "fcntl": 0.0009678093475644591,
        "fenv": 0.0013451785944201967,
        "gpu": 0.0006539112115435172,
        "inttypes": 0.0009709683517880931,
        "math": 0.05575672981227014,
        "network": 0.00032582372820460104,
        "pthread": 0.0032770076154500388,
        "sched": 0.0021243178342816933,
        "search": 0.0008773413666906269,
        "setjmp": 0.0019386383153806243,
        "signal": 0.004252596515677905,
        "spawn": 0.0010935865100538567,
        "stdbit": 0.0024877346183837684,
        "stdckdint": 0.0,
        "stdfix": 0.001189629998765908,
        "stdio": 0.046482997530499434,
        "stdlib": 0.013884938099342105,
        "string": 0.06093952440111828,
        "sys": 0.012458029540341734,
        "termios": 0.0011636561472809026,
        "threads": 0.008048730456956683,
        "time": 0.009071121769468896,
        "unistd": 0.011897364899421767,
        "wchar": 0.0005022465300687666
    }
}