{
    "directory name": "llvm-project/libc/src",
    "score.sum": 0.006744159324917035,
    "sha.latest": "fe1645e25c5ab5e3ba8aa16d4f637633ded328ab",
    "time.latest": 1717843616.5590265,
    "formatted_time": "2024-06-08 05:46:56.559027",
    "filescores": {
        ".clang-tidy": 1.2344797949073273e-05,
        "CMakeLists.txt": 0.00010585316492627938
    },
    "subdirscores": {
        "__support": 0.0038003111289562053,
        "assert": 7.272312603795445e-05,
        "compiler": 7.2452481782793106e-06,
        "ctype": 3.014695385798625e-05,
        "dirent": 1.5843583263667982e-05,
        "errno": 8.074393180268564e-05,
        "fcntl": 1.8609991585850706e-05,
        "fenv": 2.5866419234971285e-05,
        "gpu": 1.2574048985311936e-05,
        "inttypes": 1.8670736031199824e-05,
        "math": 0.0010721453303506028,
        "network": 6.265259635709686e-06,
        "pthread": 6.301353081964535e-05,
        "sched": 4.084847611892057e-05,
        "search": 1.6870384123815122e-05,
        "setjmp": 3.727804740472223e-05,
        "signal": 8.17731153082429e-05,
        "spawn": 2.1028558777323263e-05,
        "stdbit": 4.7836612068750386e-05,
        "stdckdint": 0,
        "stdfix": 2.2875377596861456e-05,
        "stdio": 0.0008938208698899744,
        "stdlib": 0.00026699326871463625,
        "string": 0.0011718052106073724,
        "sys": 0.00023955526520330248,
        "termios": 2.2375926792005602e-05,
        "threads": 0.00015476891854546577,
        "time": 0.0001744284659255162,
        "unistd": 0.0002287742531411002,
        "wchar": 9.657691075338506e-06
    }
}