{
    "directory name": "llvm-project/libc/src",
    "score.sum": 0.008773047692908771,
    "sha.latest": "fe1645e25c5ab5e3ba8aa16d4f637633ded328ab",
    "time.latest": 1717843616.5590265,
    "formatted_time": "2024-06-08 05:46:56.559027",
    "filescores": {
        ".clang-tidy": 0.14071276460803395,
        "CMakeLists.txt": 1.2065723182132042
    },
    "subdirscores": {
        "__support": 43.318026551115025,
        "assert": 0.8289379994678057,
        "compiler": 0.08258530480958885,
        "ctype": 0.3436314826186793,
        "dirent": 0.18059383487079755,
        "errno": 0.9203635341906408,
        "fcntl": 0.2121268712683861,
        "fenv": 0.2948396058063042,
        "gpu": 0.1433258934118813,
        "inttypes": 0.21281926970819187,
        "math": 12.220899371346343,
        "network": 0.07141485895231,
        "pthread": 0.7182627181039833,
        "sched": 0.4656132913985897,
        "search": 0.19229787314904723,
        "setjmp": 0.42491559044930266,
        "signal": 0.9320947311655432,
        "spawn": 0.23969502404871898,
        "stdbit": 0.5452678902842006,
        "stdckdint": 0.0,
        "stdfix": 0.26074607590873533,
        "stdio": 10.188259555598304,
        "stdlib": 3.0433354298352455,
        "string": 13.356877240671325,
        "sys": 2.7305820461563695,
        "termios": 0.25505306223391444,
        "threads": 1.7641408546150392,
        "time": 1.9882311373561348,
        "unistd": 2.6076941691086186,
        "wchar": 0.11008364952973856
    },
    "score.percentage": 32.99789437137726
}