{
    "directory name": "llvm-project/lldb/include/lldb/Symbol",
    "score.sum": 0.0029469276599026826,
    "sha.latest": "624ea68cbc3ce422b3ee110c0c0af839eec2e278",
    "time.latest": 1717850654.2927215,
    "formatted_time": "2024-06-08 18:14:14.292727",
    "filescores": {
        "ArmUnwindInfo.h": 2.2429418949070624e-05,
        "Block.h": 0.00011696212327230245,
        "CallFrameInfo.h": 6.099602068851199e-06,
        "CompactUnwindInfo.h": 5.14699499169494e-05,
        "CompilerDecl.h": 2.626147662285909e-05,
        "CompilerDeclContext.h": 5.8741704814365995e-05,
        "CompilerType.h": 0.00024493970698964815,
        "CompileUnit.h": 0.00018845968139426288,
        "DebugMacros.h": 3.2943439654369076e-05,
        "DeclVendor.h": 5.433377778576477e-05,
        "DWARFCallFrameInfo.h": 0.00013083690932950257,
        "Function.h": 0.00019376128688348691,
        "FuncUnwinders.h": 9.955065430097484e-05,
        "LineEntry.h": 6.350307012525489e-05,
        "LineTable.h": 0.0001259531766734456,
        "LocateSymbolFile.h": 4.303645523319301e-05,
        "ObjectContainer.h": 7.429526723691828e-05,
        "ObjectFile.h": 0.00038383293871294724,
        "PostfixExpression.h": 7.316523187660555e-06,
        "SourceModule.h": 6.125311229378463e-06,
        "Symbol.h": 0.0001436674100354773,
        "SymbolContext.h": 0.0001843977533675623,
        "SymbolContextScope.h": 4.509479149335951e-05,
        "SymbolFile.h": 0.00045573526435352293,
        "SymbolFileOnDemand.h": 5.5876388838580005e-05,
        "SymbolLocator.h": 6.099602068851199e-06,
        "SymbolVendor.h": 0.0001985408131109665,
        "Symtab.h": 0.00016785267613064812,
        "TaggedASTType.h": 4.094770407563184e-05,
        "Type.h": 0.0003563140738777345,
        "TypeList.h": 5.3654052407627166e-05,
        "TypeMap.h": 3.483103420648086e-05,
        "TypeSystem.h": 0.0003446036827535827,
        "UnwindPlan.h": 0.00011424028690606893,
        "UnwindTable.h": 9.440234310550658e-05,
        "Variable.h": 0.0001291174177630514,
        "VariableList.h": 6.187322227123028e-05
    },
    "subdirscores": {}
}