{
    "directory name": "llvm-project/llvm/lib/DebugInfo/GSYM",
    "score.sum": 0.00025074008377599986,
    "sha.latest": "716042a63f26cd020eb72960f72fa97b9a197382",
    "time.latest": 1717834211.1904736,
    "formatted_time": "2024-06-08 03:10:11.190477",
    "filescores": {
        "CMakeLists.txt": 2.0910786894644647e-05,
        "DwarfTransformer.cpp": 0.00010602247476792225,
        "ExtractRanges.cpp": 0,
        "FileWriter.cpp": 6.099602068851199e-06,
        "FunctionInfo.cpp": 4.765553740079378e-05,
        "GsymCreator.cpp": 7.752499584403946e-05,
        "GsymReader.cpp": 4.0252460025606225e-05,
        "Header.cpp": 1.3158968311588354e-05,
        "InlineInfo.cpp": 2.3715319068537164e-05,
        "LineTable.cpp": 7.662492196976197e-06,
        "LookupResult.cpp": 1.3025628048380224e-05,
        "ObjectFileTransformer.cpp": 1.7226582861789938e-05
    },
    "subdirscores": {}
}