{
    "directory name": "llvm-project/llvm/lib/DebugInfo/PDB/DIA",
    "score.sum": 0.00018189326109702933,
    "sha.latest": "1ea9dd32709f9b5def5e1c9e83b0a5cdbb134fb2",
    "time.latest": 1717834773.2252836,
    "formatted_time": "2024-06-08 03:19:33.225287",
    "filescores": {
        "DIADataStream.cpp": 2.885641645366438e-05,
        "DIAEnumDebugStreams.cpp": 1.7158901354446235e-05,
        "DIAEnumFrameData.cpp": 6.2913394088599706e-06,
        "DIAEnumInjectedSources.cpp": 1.3982305878779309e-05,
        "DIAEnumLineNumbers.cpp": 1.7148326549429254e-05,
        "DIAEnumSectionContribs.cpp": 9.615845976162676e-06,
        "DIAEnumSourceFiles.cpp": 1.7148326549429254e-05,
        "DIAEnumSymbols.cpp": 1.7148326549429254e-05,
        "DIAEnumTables.cpp": 1.4860714460238506e-05,
        "DIAError.cpp": 2.1535141868681075e-05,
        "DIAFrameData.cpp": 6.2913394088599706e-06,
        "DIAInjectedSource.cpp": 1.0396422674064226e-05,
        "DIALineNumber.cpp": 8.003365412947443e-06,
        "DIARawSymbol.cpp": 9.706176934407004e-05,
        "DIASectionContrib.cpp": 1.194857320188209e-05,
        "DIASession.cpp": 0.00011450914300147017,
        "DIASourceFile.cpp": 1.7038568562800646e-05,
        "DIATable.cpp": 1.059392053582941e-05
    },
    "subdirscores": {}
}