{
    "directory name": "llvm-project/third-party/benchmark/src",
    "score.sum": 0.0007033775810521713,
    "sha.latest": "a5b797172cc902db166e9a695716fb81405f86e4",
    "time.latest": 1717789059.0687563,
    "formatted_time": "2024-06-07 14:37:39.068760",
    "filescores": {
        "CMakeLists.txt": 3.2623068753801694,
        "arraysize.h": 0.8821203079002258,
        "benchmark.cc": 3.4703427413620638,
        "benchmark_api_internal.cc": 2.652144097772,
        "benchmark_api_internal.h": 2.652144097772,
        "benchmark_main.cc": 2.6239040650137198,
        "benchmark_name.cc": 2.6239040650137198,
        "benchmark_register.cc": 2.652144097772,
        "benchmark_register.h": 2.652144097772,
        "benchmark_runner.cc": 2.652144097772,
        "benchmark_runner.h": 2.652144097772,
        "check.cc": 0.0,
        "check.h": 2.652144097772,
        "colorprint.cc": 2.652144097772,
        "colorprint.h": 0.8821203079002258,
        "commandlineflags.cc": 2.652144097772,
        "commandlineflags.h": 2.652144097772,
        "complexity.cc": 2.652144097772,
        "complexity.h": 2.6239040650137198,
        "console_reporter.cc": 2.652144097772,
        "counter.cc": 2.6239040650137198,
        "counter.h": 0.8821203079002258,
        "csv_reporter.cc": 2.652144097772,
        "cycleclock.h": 2.652144097772,
        "internal_macros.h": 2.6239040650137198,
        "json_reporter.cc": 2.652144097772,
        "log.h": 2.652144097772,
        "mutex.h": 1.5556628942719277,
        "perf_counters.cc": 2.652144097772,
        "perf_counters.h": 2.652144097772,
        "re.h": 2.652144097772,
        "reporter.cc": 2.652144097772,
        "statistics.cc": 2.652144097772,
        "statistics.h": 2.652144097772,
        "string_util.cc": 2.652144097772,
        "string_util.h": 2.652144097772,
        "sysinfo.cc": 3.74645416672442,
        "thread_manager.h": 2.652144097772,
        "thread_timer.h": 1.5556628942719277,
        "timers.cc": 3.4579664270200503,
        "timers.h": 0.8821203079002258
    },
    "subdirscores": {}
}