{
    "directory name": "llvm-project/llvm/lib/DebugInfo/PDB/Native",
    "score.sum": 0.03316943340723136,
    "sha.latest": "fab2bb8bfda865bd438dee981d7be7df8017b76d",
    "time.latest": 1717835383.841259,
    "formatted_time": "2024-06-08 03:29:43.841263",
    "filescores": {
        "DbiModuleDescriptor.cpp": 0.04429360497033794,
        "DbiModuleDescriptorBuilder.cpp": 0.21078625260820047,
        "DbiModuleList.cpp": 0.06238882352990339,
        "DbiStream.cpp": 0.07668371880286423,
        "DbiStreamBuilder.cpp": 0.31427743742396974,
        "EnumTables.cpp": 0.11299176742142175,
        "FormatUtil.cpp": 0.026809369546451352,
        "GSIStreamBuilder.cpp": 0.26579965780492754,
        "GlobalsStream.cpp": 0.11102640585382723,
        "Hash.cpp": 0.03797537522239429,
        "HashTable.cpp": 0.044147624976685666,
        "InfoStream.cpp": 0.07464597410322654,
        "InfoStreamBuilder.cpp": 0.08940548508344352,
        "InjectedSourceStream.cpp": 0.032571280875785896,
        "InputFile.cpp": 0.09064424039740394,
        "LinePrinter.cpp": 0.021077953780301334,
        "ModuleDebugStream.cpp": 0.08072890658617074,
        "NamedStreamMap.cpp": 0.08246184094557757,
        "NativeCompilandSymbol.cpp": 0.07960948300414372,
        "NativeEnumGlobals.cpp": 0.021850388997784857,
        "NativeEnumInjectedSources.cpp": 0.055015653871445844,
        "NativeEnumLineNumbers.cpp": 0.039606064041129124,
        "NativeEnumModules.cpp": 0.04847647279410874,
        "NativeEnumSymbols.cpp": 0.02007646631636598,
        "NativeEnumTypes.cpp": 0.16334881739297227,
        "NativeExeSymbol.cpp": 0.10471389490828932,
        "NativeFunctionSymbol.cpp": 0.059797235939265746,
        "NativeInlineSiteSymbol.cpp": 0.10515611781063258,
        "NativeLineNumber.cpp": 0.021952648053733925,
        "NativePublicSymbol.cpp": 0.041793363637955556,
        "NativeRawSymbol.cpp": 0.10270763772552939,
        "NativeSession.cpp": 0.31594352503186995,
        "NativeSourceFile.cpp": 0.034570161751761315,
        "NativeSymbolEnumerator.cpp": 0.04985445311189757,
        "NativeTypeArray.cpp": 0.04976563189472998,
        "NativeTypeBuiltin.cpp": 0.042427726830407325,
        "NativeTypeEnum.cpp": 0.11928772206374852,
        "NativeTypeFunctionSig.cpp": 0.0472305064838965,
        "NativeTypePointer.cpp": 0.04292683722985765,
        "NativeTypeTypedef.cpp": 0.04734706157064987,
        "NativeTypeUDT.cpp": 0.08970379084303037,
        "NativeTypeVTShape.cpp": 0.03989184854095036,
        "PDBFile.cpp": 0.1331901586996932,
        "PDBFileBuilder.cpp": 0.2949618458994137,
        "PDBStringTable.cpp": 0.03498051554090074,
        "PDBStringTableBuilder.cpp": 0.10118598299084305,
        "PublicsStream.cpp": 0.05705015893474469,
        "RawError.cpp": 0.07412575391201563,
        "SymbolCache.cpp": 0.20202196404399603,
        "SymbolStream.cpp": 0.06223435254287169,
        "TpiHashing.cpp": 0.05939118991883673,
        "TpiStream.cpp": 0.1749937230878218,
        "TpiStreamBuilder.cpp": 0.17873638685859883
    },
    "subdirscores": {}
}