{
    "directory name": "llvm-project/llvm/include/llvm/DebugInfo/GSYM",
    "score.sum": 0.008000272972372439,
    "sha.latest": "3bdc4c702dfdd1f2fb513943f034d49bb79ded29",
    "time.latest": 1717812706.7498147,
    "formatted_time": "2024-06-07 21:11:46.749818",
    "filescores": {
        "DwarfTransformer.h": 0.05359549893854265,
        "ExtractRanges.h": 0.02007646631636598,
        "FileEntry.h": 0.03948333275782107,
        "FileWriter.h": 0.079343826044492,
        "FunctionInfo.h": 0.22745817284905326,
        "GsymCreator.h": 0.19358262718561736,
        "GsymReader.h": 0.10529686231653405,
        "Header.h": 0.020985400691776443,
        "InlineInfo.h": 0.08647745015932516,
        "LineEntry.h": 0.0326627063817856,
        "LineTable.h": 0.07300934954819124,
        "LookupResult.h": 0.12114828395170414,
        "ObjectFileTransformer.h": 0.05180397952416479,
        "OutputAggregator.h": 0.0,
        "StringTable.h": 0.13402423797368354
    },
    "subdirscores": {}
}