{
    "directory name": "llvm-project/flang/unittests/Optimizer/Builder/Runtime",
    "score.sum": 0.0028196014448404034,
    "sha.latest": "de58aa83726d465aecca66763892e62d8e8b636e",
    "time.latest": 1717813056.5933993,
    "formatted_time": "2024-06-07 21:17:36.593404",
    "filescores": {
        "Allocatable.cpp": 0.0,
        "AllocatableTest.cpp": 0.02007646631636598,
        "AssignTest.cpp": 0.0,
        "CharacterTest.cpp": 0.02731056719691329,
        "CommandTest.cpp": 0.041450062167417485,
        "DerivedTest.cpp": 0.0,
        "NumericTest.cpp": 0.0365592496039866,
        "RaggedTest.cpp": 0.0,
        "ReductionTest.cpp": 0.06100206205170083,
        "RuntimeCallTestBase.h": 0.09772927663816158,
        "StopTest.cpp": 0.0,
        "TransformationalTest.cpp": 0.02007646631636598
    },
    "subdirscores": {}
}