{
    "directory name": "llvm-project/mlir/include/mlir/Dialect",
    "score.sum": 0.02159504024530796,
    "sha.latest": "3ec1f25f3cf9346590892397ec9ddd859397d363",
    "time.latest": 1717798492.4608095,
    "formatted_time": "2024-06-07 17:14:52.460810",
    "filescores": {
        "CMakeLists.txt": 0.7842661802743247,
        "CommonFolders.h": 0.33770432772323306,
        "Traits.h": 0.12010816471151332
    },
    "subdirscores": {
        "AMDGPU": 0.47007856611039134,
        "AMX": 0.3852436322906262,
        "Affine": 3.7135126701766974,
        "Arith": 1.0978439258276265,
        "ArmNeon": 0.41989382366388656,
        "ArmSME": 0.9064928452783042,
        "ArmSVE": 0.5696758815432594,
        "Async": 1.173326529497731,
        "Bufferization": 3.4521000759916696,
        "Complex": 0.8678208533084854,
        "ControlFlow": 0.39798176226880116,
        "DLTI": 0.3179249049879965,
        "EmitC": 1.058084279132351,
        "Func": 0.6313377848679206,
        "GPU": 5.208578309420423,
        "IRDL": 0.18852082037744228,
        "Index": 0.3046217026806437,
        "LLVMIR": 11.547372909361409,
        "Linalg": 16.68809908771843,
        "MLProgram": 0.3413861918673785,
        "MPI": 0.030522736970657674,
        "Math": 1.2701462792343061,
        "MemRef": 2.860649762852695,
        "Mesh": 0.3880063356732061,
        "NVGPU": 1.119459523504202,
        "OpenACC": 2.6280043780586757,
        "OpenACCMPCommon": 0.0,
        "OpenMP": 2.7166536431729336,
        "PDL": 0.8656393276761893,
        "PDLInterp": 0.7446910392998094,
        "Quant": 0.6637385597674708,
        "SCF": 4.283439385991197,
        "SPIRV": 5.5560522068912395,
        "Shape": 1.9086651254344273,
        "SparseTensor": 6.592264957597201,
        "Tensor": 3.161077076155568,
        "Tosa": 2.7491570886255783,
        "Transform": 2.99309483435696,
        "UB": 0.05851531633429798,
        "Utils": 1.907854875922203,
        "Vector": 6.115143914538954,
        "X86Vector": 0.4052484028616888,
        "XeGPU": 0.0
    },
    "score.percentage": 57.66593669948592
}