{
    "directory name": "llvm-project/mlir/include/mlir/Dialect",
    "score.sum": 1.0551567080852033,
    "sha.latest": "3ec1f25f3cf9346590892397ec9ddd859397d363",
    "time.latest": 1717798492.4608095,
    "formatted_time": "2024-06-07 17:14:52.460810",
    "filescores": {
        "CMakeLists.txt": 0.5574466072988733,
        "CommonFolders.h": 0.2400360190128501,
        "Traits.h": 0.08537138360844258
    },
    "subdirscores": {
        "AMDGPU": 0.005279199847031558,
        "AMX": 0.00432646427912425,
        "Affine": 0.04170446587803529,
        "Arith": 0.012329295362794061,
        "ArmNeon": 0.004715601964151933,
        "ArmSME": 0.010180334172063918,
        "ArmSVE": 0.006397723792397905,
        "Async": 0.013176999934916972,
        "Bufferization": 0.038768681465117305,
        "Complex": 0.009746029805071083,
        "ControlFlow": 0.004469519373911229,
        "DLTI": 0.003570443816802333,
        "EmitC": 0.011882776129874102,
        "Func": 0.007090215503502174,
        "GPU": 0.05849474491437857,
        "IRDL": 0.002117176059172073,
        "Index": 0.0034210426982465166,
        "LLVMIR": 0.12968234182879398,
        "Linalg": 0.187415075909761,
        "MLProgram": 0.0038339249262041835,
        "MPI": 0.0003427844619246903,
        "Math": 0.014264330532072784,
        "MemRef": 0.03212642072881988,
        "Mesh": 0.004357490716673594,
        "NVGPU": 0.012572048528274225,
        "OpenACC": 0.029513705390659246,
        "OpenACCMPCommon": 0.0,
        "OpenMP": 0.030509277664253927,
        "PDL": 0.009721530262623089,
        "PDLInterp": 0.008363225009995664,
        "Quant": 0.0074540912005133,
        "SCF": 0.04810500665538384,
        "SPIRV": 0.062397037591863914,
        "Shape": 0.021435192677688772,
        "SparseTensor": 0.07403418633549419,
        "Tensor": 0.035500358493215166,
        "Tosa": 0.030874306399091635,
        "Transform": 0.03361384017661748,
        "UB": 0.0006571540829804287,
        "Utils": 0.02142609320068775,
        "Vector": 0.06867589621312106,
        "X86Vector": 0.004551127110728136,
        "XeGPU": 0.0
    }
}