{
    "directory name": "llvm-project/mlir/include/mlir/Dialect",
    "score.sum": 0.02028959268541443,
    "sha.latest": "3ec1f25f3cf9346590892397ec9ddd859397d363",
    "time.latest": 1717798492.4608095,
    "formatted_time": "2024-06-07 17:14:52.460810",
    "filescores": {
        "CMakeLists.txt": 0.0001693625972605799,
        "CommonFolders.h": 7.292738548197887e-05,
        "Traits.h": 2.5937406507352078e-05
    },
    "subdirscores": {
        "AMDGPU": 0.00010151365553610561,
        "AMX": 8.319351743564694e-05,
        "Affine": 0.0008019345556392681,
        "Arith": 0.00023707983761314482,
        "ArmNeon": 9.067624020777875e-05,
        "ArmSME": 0.00019575749475868703,
        "ArmSVE": 0.00012302173588707977,
        "Async": 0.00025338033625391023,
        "Bufferization": 0.0007454824007187078,
        "Complex": 0.00018740626252914237,
        "ControlFlow": 8.594432173093347e-05,
        "DLTI": 6.865601118201495e-05,
        "EmitC": 0.00022849372590790784,
        "Func": 0.00013633764872606326,
        "GPU": 0.0011247945821277214,
        "IRDL": 4.0711147031293394e-05,
        "Index": 6.578317928982736e-05,
        "LLVMIR": 0.002493659827052385,
        "Linalg": 0.0036038017141696655,
        "MLProgram": 7.372248552568465e-05,
        "MPI": 6.591397332783017e-06,
        "Math": 0.00027428860017493,
        "MemRef": 0.0006177584675653462,
        "Mesh": 8.379012434297355e-05,
        "NVGPU": 0.00024174773463066517,
        "OpenACC": 0.0005675186030902262,
        "OpenACCMPCommon": 0,
        "OpenMP": 0.00058666244756882,
        "PDL": 0.00018693516119088632,
        "PDLInterp": 0.00016081632963999595,
        "Quant": 0.00014333460910541273,
        "SCF": 0.0009250104592881711,
        "SPIRV": 0.0011998317101284842,
        "Shape": 0.0004121770019857223,
        "SparseTensor": 0.0014236022706704493,
        "Tensor": 0.0006826358667809991,
        "Tosa": 0.0005936815796954303,
        "Transform": 0.0006463600340596192,
        "UB": 1.2636406112060912e-05,
        "Utils": 0.00041200202827746996,
        "Vector": 0.0013205677894031877,
        "X86Vector": 8.751355569144943e-05,
        "XeGPU": 0
    }
}