{
    "directory name": "llvm-project/compiler-rt/lib/fuzzer",
    "score.sum": 0.0009630976658126266,
    "sha.latest": "e932fe880b69a6cd13b4f29678c7f143540f1999",
    "time.latest": 1717798987.7331939,
    "formatted_time": "2024-06-08 03:53:07.733197",
    "filescores": {
        "build.sh": 2.2279535663385703e-05,
        "CMakeLists.txt": 0.00016475752560365405,
        "FuzzerBuiltins.h": 1.0423119963997832e-05,
        "FuzzerBuiltinsMsvc.h": 1.646057570804283e-05,
        "FuzzerCommand.h": 1.8492074294946783e-05,
        "FuzzerCorpus.h": 5.0132097767842115e-05,
        "FuzzerCrossOver.cpp": 2.6308466337904937e-05,
        "FuzzerDataFlowTrace.cpp": 4.22975317690503e-05,
        "FuzzerDataFlowTrace.h": 2.3868573042794432e-05,
        "FuzzerDefs.h": 7.010811727287197e-05,
        "FuzzerDictionary.h": 4.5464742967084716e-05,
        "FuzzerDriver.cpp": 0.0001865723108898607,
        "FuzzerExtFunctions.def": 4.043585493417521e-05,
        "FuzzerExtFunctions.h": 6.099602068851199e-06,
        "FuzzerExtFunctionsDlsym.cpp": 9.071174638627017e-06,
        "FuzzerExtFunctionsWeak.cpp": 3.571088687965188e-05,
        "FuzzerExtFunctionsWindows.cpp": 6.622926477913299e-06,
        "FuzzerExtraCounters.cpp": 3.58999803058037e-05,
        "FuzzerExtraCountersDarwin.cpp": 6.099602068851199e-06,
        "FuzzerExtraCountersWindows.cpp": 6.099602068851199e-06,
        "FuzzerFlags.def": 0.00010458025517553134,
        "FuzzerFork.cpp": 4.317869854488667e-05,
        "FuzzerFork.h": 6.106812392187979e-06,
        "FuzzerInterceptors.cpp": 7.230640120002153e-06,
        "FuzzerInterface.h": 2.3241785076134988e-05,
        "FuzzerInternal.h": 8.545050755622078e-05,
        "FuzzerIO.cpp": 7.760159558839653e-05,
        "FuzzerIO.h": 7.947967000951093e-05,
        "FuzzerIOPosix.cpp": 4.7228588789877465e-05,
        "FuzzerIOWindows.cpp": 4.6638804909111906e-05,
        "FuzzerLoop.cpp": 0.00018641423868684387,
        "FuzzerMain.cpp": 1.4602754506910395e-05,
        "FuzzerMerge.cpp": 6.0914040544395254e-05,
        "FuzzerMerge.h": 4.2165917174920844e-05,
        "FuzzerMutate.cpp": 8.464861659835394e-05,
        "FuzzerMutate.h": 7.490817403691473e-05,
        "FuzzerOptions.h": 9.808631502556254e-05,
        "FuzzerPlatform.h": 1.815444952774043e-05,
        "FuzzerRandom.h": 4.114318389218093e-05,
        "FuzzerSHA1.cpp": 1.5930988436907368e-05,
        "FuzzerSHA1.h": 6.099602068851199e-06,
        "FuzzerTracePC.cpp": 0.00010491582811116698,
        "FuzzerTracePC.h": 9.941217544858401e-05,
        "FuzzerUtil.cpp": 5.380134884169003e-05,
        "FuzzerUtil.h": 7.088440513495315e-05,
        "FuzzerUtilDarwin.cpp": 1.3146135550005491e-05,
        "FuzzerUtilFuchsia.cpp": 7.84875755277807e-05,
        "FuzzerUtilLinux.cpp": 3.8202116683495214e-05,
        "FuzzerUtilPosix.cpp": 5.829013639476402e-05,
        "FuzzerUtilWindows.cpp": 0.00014228153827570083,
        "FuzzerValueBitMap.h": 1.5024384174717655e-05,
        "README.txt": 6.099602068851199e-06
    },
    "subdirscores": {
        "afl": 4.7365811966319496e-05,
        "dataflow": 3.4719269508751597e-05,
        "scripts": 2.252030920359513e-05,
        "standalone": 1.1775787117580978e-05,
        "tests": 0.00020594268752400694
    }
}