{
    "directory name": "llvm-project/compiler-rt/lib/fuzzer",
    "score.sum": 0.002989879050917567,
    "sha.latest": "e932fe880b69a6cd13b4f29678c7f143540f1999",
    "time.latest": 1717798987.7331939,
    "formatted_time": "2024-06-08 03:53:07.733197",
    "filescores": {
        "build.sh": 0.7451651148412948,
        "CMakeLists.txt": 5.51050804389868,
        "FuzzerBuiltins.h": 0.3486134317305936,
        "FuzzerBuiltinsMsvc.h": 0.5505431968223339,
        "FuzzerCommand.h": 0.6184890418651461,
        "FuzzerCorpus.h": 1.6767266138226236,
        "FuzzerCrossOver.cpp": 0.8799174110347743,
        "FuzzerDataFlowTrace.cpp": 1.4146903954549455,
        "FuzzerDataFlowTrace.h": 0.7983123275662064,
        "FuzzerDefs.h": 2.3448479379577716,
        "FuzzerDictionary.h": 1.520621476414974,
        "FuzzerDriver.cpp": 6.240129039086158,
        "FuzzerExtFunctions.def": 1.3524244374288588,
        "FuzzerExtFunctions.h": 0.2040083215733856,
        "FuzzerExtFunctionsDlsym.cpp": 0.3033960399114859,
        "FuzzerExtFunctionsWeak.cpp": 1.1943923573996256,
        "FuzzerExtFunctionsWindows.cpp": 0.22151151819605489,
        "FuzzerExtraCounters.cpp": 1.2007168080858093,
        "FuzzerExtraCountersDarwin.cpp": 0.2040083215733856,
        "FuzzerExtraCountersWindows.cpp": 0.2040083215733856,
        "FuzzerFlags.def": 3.4978088877353284,
        "FuzzerFork.cpp": 1.4441620483489295,
        "FuzzerFork.h": 0.20424947926618817,
        "FuzzerInterceptors.cpp": 0.24183721136756803,
        "FuzzerInterface.h": 0.7773486713117139,
        "FuzzerInternal.h": 2.857992116102382,
        "FuzzerIO.cpp": 2.5954760800301035,
        "FuzzerIO.h": 2.6582904744965963,
        "FuzzerIOPosix.cpp": 1.5796153618783824,
        "FuzzerIOWindows.cpp": 1.5598893505340585,
        "FuzzerLoop.cpp": 6.234842129471258,
        "FuzzerMain.cpp": 0.488406194973972,
        "FuzzerMerge.cpp": 2.0373412939798112,
        "FuzzerMerge.h": 1.410288391497994,
        "FuzzerMutate.cpp": 2.8311719356131158,
        "FuzzerMutate.h": 2.505391447654917,
        "FuzzerOptions.h": 3.2806114680612493,
        "FuzzerPlatform.h": 0.6071967868455747,
        "FuzzerRandom.h": 1.3760818812906315,
        "FuzzerSHA1.cpp": 0.5328305314563909,
        "FuzzerSHA1.h": 0.2040083215733856,
        "FuzzerTracePC.cpp": 3.5090325168494445,
        "FuzzerTracePC.h": 3.3249564198282635,
        "FuzzerUtil.cpp": 1.7994490053093912,
        "FuzzerUtil.h": 2.370811792978695,
        "FuzzerUtilDarwin.cpp": 0.43968787118566083,
        "FuzzerUtilFuchsia.cpp": 2.625108714805489,
        "FuzzerUtilLinux.cpp": 1.2777144504146858,
        "FuzzerUtilPosix.cpp": 1.9495817523747423,
        "FuzzerUtilWindows.cpp": 4.758772373485674,
        "FuzzerValueBitMap.h": 0.5025080920951236,
        "README.txt": 0.2040083215733856
    },
    "subdirscores": {
        "afl": 1.5842049514271608,
        "dataflow": 1.1612265552379641,
        "scripts": 0.7532180673557296,
        "standalone": 0.39385496593807345,
        "tests": 6.887993929413465
    }
}