{
    "directory name": "llvm-project/compiler-rt/lib/fuzzer",
    "score.sum": 0.050085725148830765,
    "sha.latest": "e932fe880b69a6cd13b4f29678c7f143540f1999",
    "time.latest": 1717798987.7331939,
    "formatted_time": "2024-06-08 03:53:07.733197",
    "filescores": {
        "build.sh": 0.07333172594560439,
        "CMakeLists.txt": 0.5422892962216711,
        "FuzzerBuiltins.h": 0.03430706044534742,
        "FuzzerBuiltinsMsvc.h": 0.05417897594305768,
        "FuzzerCommand.h": 0.06086552901510158,
        "FuzzerCorpus.h": 0.16500672680675516,
        "FuzzerCrossOver.cpp": 0.08659270429549096,
        "FuzzerDataFlowTrace.cpp": 0.139219733064766,
        "FuzzerDataFlowTrace.h": 0.07856194507515399,
        "FuzzerDefs.h": 0.23075657051800816,
        "FuzzerDictionary.h": 0.14964441457946207,
        "FuzzerDriver.cpp": 0.6140913247890479,
        "FuzzerExtFunctions.def": 0.13309213787979549,
        "FuzzerExtFunctions.h": 0.02007646631636598,
        "FuzzerExtFunctionsDlsym.cpp": 0.029857215278400715,
        "FuzzerExtFunctionsWeak.cpp": 0.11754019515930766,
        "FuzzerExtFunctionsWindows.cpp": 0.021798956530067113,
        "FuzzerExtraCounters.cpp": 0.1181625845804422,
        "FuzzerExtraCountersDarwin.cpp": 0.02007646631636598,
        "FuzzerExtraCountersWindows.cpp": 0.02007646631636598,
        "FuzzerFlags.def": 0.34421949935234936,
        "FuzzerFork.cpp": 0.14212003949369204,
        "FuzzerFork.h": 0.02010019865365077,
        "FuzzerInterceptors.cpp": 0.023799208731386676,
        "FuzzerInterface.h": 0.07649891090372779,
        "FuzzerInternal.h": 0.2812551076781882,
        "FuzzerIO.cpp": 0.25542089505850757,
        "FuzzerIO.h": 0.2616024618934459,
        "FuzzerIOPosix.cpp": 0.1554500049850065,
        "FuzzerIOWindows.cpp": 0.1535087674940245,
        "FuzzerLoop.cpp": 0.613571039822324,
        "FuzzerMain.cpp": 0.048064071340208604,
        "FuzzerMerge.cpp": 0.20049483054451642,
        "FuzzerMerge.h": 0.13878653169589705,
        "FuzzerMutate.cpp": 0.2786157327446616,
        "FuzzerMutate.h": 0.2465556631230933,
        "FuzzerOptions.h": 0.3228450934141108,
        "FuzzerPlatform.h": 0.05975425778955654,
        "FuzzerRandom.h": 0.13542026778723826,
        "FuzzerSHA1.cpp": 0.052435871902742834,
        "FuzzerSHA1.h": 0.02007646631636598,
        "FuzzerTracePC.cpp": 0.34532401710005245,
        "FuzzerTracePC.h": 0.32720908172392627,
        "FuzzerUtil.cpp": 0.17708384179866338,
        "FuzzerUtil.h": 0.23331167443117404,
        "FuzzerUtilDarwin.cpp": 0.043269699331349144,
        "FuzzerUtilFuchsia.cpp": 0.258337043720214,
        "FuzzerUtilLinux.cpp": 0.12573992535131467,
        "FuzzerUtilPosix.cpp": 0.1918584108760173,
        "FuzzerUtilWindows.cpp": 0.4683109616642321,
        "FuzzerValueBitMap.h": 0.04945183954675118,
        "README.txt": 0.02007646631636598
    },
    "subdirscores": {
        "afl": 0.002463250741652016,
        "dataflow": 0.0018055695198017736,
        "scripts": 0.00117116472926578,
        "standalone": 0.0006123977431558328,
        "tests": 0.010710013334977517
    }
}