{
    "directory_name": "llvm-project/llvm",
    "score.sum": 0.994710538578783,
    "sha.latest": "9c05054a138c176a584e904c4ad9fb6594e44605",
    "time.latest": 1718077955.049287,
    "formatted_time": "2024-06-10 22:52:35.049293",
    "filescores": {
        ".clang-format": 6.099602068851199e-06,
        ".clang-tidy": 2.1282171947219244e-05,
        "CMakeLists.txt": 0.003056958915898911,
        "CODE_OWNERS.TXT": 0.0003464180629100889,
        "CREDITS.TXT": 0.0005635306258062,
        "LICENSE.TXT": 0.00013764938967668144,
        "README.txt": 0.0002658927438077931,
        "RELEASE_TESTERS.TXT": 1.5284124285225765e-05,
        "configure": 0.0019535523838384752,
        "llvm.spec.in": 1.6296651516234172e-05
    },
    "subdirscores": {
        "benchmarks": 0,
        "bindings": 0.001680606843908947,
        "cmake": 0.007249954491917399,
        "docs": 0.0366076575400678,
        "examples": 0.002537903147768943,
        "include": 0.20557827492105635,
        "lib": 0.6749201267194355,
        "projects": 0.000536494443528834,
        "resources": 6.121783154618632e-06,
        "runtimes": 0.0005878534965022197,
        "test": 0.4865255746115465,
        "tools": 0.0586141379372794,
        "unittests": 0.03743294677359094,
        "utils": 0.05581421481679689
    }
}