{
    "directory name": "llvm-project/llvm/include/llvm/Object",
    "score.sum": 0.005086318453615141,
    "sha.latest": "50136ca11f62050b34876a920fcd87d2aefccfdb",
    "time.latest": 1717819844.4420314,
    "formatted_time": "2024-06-07 23:10:44.442035",
    "filescores": {
        "Archive.h": 5.841411377444518,
        "ArchiveWriter.h": 1.1241311996119643,
        "Binary.h": 4.022745486063735,
        "BuildID.h": 0.162152320534706,
        "COFF.h": 10.818422580186667,
        "COFFImportFile.h": 1.6529320140562762,
        "COFFModuleDefinition.h": 0.45521538262284134,
        "CVDebugRecord.h": 0.11992174938468232,
        "DXContainer.h": 1.024608504570122,
        "Decompressor.h": 0.695883467890571,
        "ELF.h": 14.231505133512803,
        "ELFObjectFile.h": 13.2937867911532,
        "ELFTypes.h": 4.694966516186234,
        "Error.h": 1.8714316477923751,
        "FaultMapParser.h": 0.32065392830982126,
        "GOFF.h": 0.2383438357118105,
        "GOFFObjectFile.h": 0.18108576853067185,
        "IRObjectFile.h": 1.4513848388645567,
        "IRSymtab.h": 0.35917178975025177,
        "MachO.h": 10.947678121964566,
        "MachOUniversal.h": 1.6170245093577764,
        "MachOUniversalWriter.h": 0.2442396154449643,
        "Minidump.h": 0.2903919631399672,
        "ModuleSymbolTable.h": 0.26561957343071285,
        "ObjectFile.h": 10.73916272205614,
        "OffloadBinary.h": 0.39554685200593076,
        "RelocationResolver.h": 0.2670306067258601,
        "StackMapParser.h": 0.9018826752325201,
        "SymbolSize.h": 0.1670722908633365,
        "SymbolicFile.h": 1.5812740371716976,
        "TapiFile.h": 0.5360299688421164,
        "TapiUniversal.h": 0.7647129253460189,
        "Wasm.h": 4.126612540282092,
        "WindowsMachineFlag.h": 0.11992174938468232,
        "WindowsResource.h": 0.8525065845515883,
        "XCOFFObjectFile.h": 3.623538932022248
    },
    "subdirscores": {},
    "score.percentage": 2.3703274975912443
}