{
    "directory name": "llvm-project/libc/src/stdio/generic",
    "score.sum": 0.0012017417385236106,
    "sha.latest": "1bb85fa9c038044e949dac6e3b07e9835d1110a6",
    "time.latest": 1717838704.045093,
    "formatted_time": "2024-06-08 04:25:04.045096",
    "filescores": {
        "CMakeLists.txt": 0.06379036053225598,
        "clearerr.cpp": 0.02007646631636598,
        "clearerr_unlocked.cpp": 0.02007646631636598,
        "fclose.cpp": 0.02007646631636598,
        "feof.cpp": 0.02007646631636598,
        "feof_unlocked.cpp": 0.02007646631636598,
        "ferror.cpp": 0.02007646631636598,
        "ferror_unlocked.cpp": 0.02007646631636598,
        "fflush.cpp": 0.0,
        "fgetc.cpp": 0.02007646631636598,
        "fgetc_unlocked.cpp": 0.02007646631636598,
        "fgets.cpp": 0.02007646631636598,
        "fopen.cpp": 0.02007646631636598,
        "fputc.cpp": 0.02007646631636598,
        "fputs.cpp": 0.02007646631636598,
        "fread.cpp": 0.02007646631636598,
        "fread_unlocked.cpp": 0.02007646631636598,
        "fseek.cpp": 0.0,
        "ftell.cpp": 0.0,
        "fwrite.cpp": 0.02007646631636598,
        "fwrite_unlocked.cpp": 0.02007646631636598,
        "getc.cpp": 0.02007646631636598,
        "getc_unlocked.cpp": 0.02007646631636598,
        "getchar.cpp": 0.02007646631636598,
        "getchar_unlocked.cpp": 0.02007646631636598,
        "putc.cpp": 0.02007646631636598,
        "putchar.cpp": 0.02007646631636598,
        "puts.cpp": 0.026623385905141513,
        "stderr.cpp": 0.0,
        "stdin.cpp": 0.0,
        "stdout.cpp": 0.0,
        "ungetc.cpp": 0.0
    },
    "subdirscores": {}
}