{
    "directory name": "llvm-project/lldb/docs",
    "score.sum": 0.0014885479289247717,
    "sha.latest": "235332150d52d11b340a10be1bb88432d2cf4179",
    "time.latest": 1717840916.2505958,
    "formatted_time": "2024-06-08 15:31:56.250600",
    "filescores": {
        ".htaccess": 1.4865071639672989,
        "CMakeLists.txt": 4.365073396904777,
        "conf.py": 7.665227096775755,
        "doxygen-mainpage.dox": 0.0,
        "doxygen.cfg.in": 1.8665501842470738,
        "index.rst": 9.94794740840304,
        "lldb-for-gdb-users.txt": 1.052212903417786,
        "lldb-gdb-remote.txt": 18.51648385242107,
        "lldb-platform-packets.txt": 2.708420089690217,
        "python_api.rst": 2.0467363449017757,
        "python_api_enums.rst": 2.0580089337279133
    },
    "subdirscores": {
        "man": 2.2406000244192907,
        "resources": 23.44964227104218,
        "testsuite": 2.6076261133769947,
        "use": 19.57825380060663,
        "_lldb": 0.4107104160981983
    }
}