{
    "directory name": "llvm-project/libcxx/include/__functional",
    "score.sum": 0.0010925864613808602,
    "sha.latest": "33de5a316caa3c9b07ee1ccc7fbc3434247ff787",
    "time.latest": 1717833896.9604392,
    "formatted_time": "2024-06-08 13:34:56.960442",
    "filescores": {
        "binary_function.h": 1.213277894837197,
        "binary_negate.h": 2.0194509615166902,
        "bind.h": 8.728369472774848,
        "binder1st.h": 2.2300678840899644,
        "binder2nd.h": 2.2300678840899644,
        "bind_back.h": 3.5043766571447463,
        "bind_front.h": 3.5460127800626364,
        "boyer_moore_searcher.h": 1.552801316323685,
        "compose.h": 2.628256273291524,
        "default_searcher.h": 3.2885078327431874,
        "function.h": 14.47212665572618,
        "hash.h": 6.7028742781141775,
        "identity.h": 3.842038280213845,
        "invoke.h": 6.3450186077443975,
        "is_transparent.h": 2.026185134936547,
        "mem_fn.h": 2.8695853316354927,
        "mem_fun_ref.h": 1.8825754009507745,
        "not_fn.h": 3.2903580063750963,
        "operations.h": 4.600798011750408,
        "perfect_forward.h": 4.054004029825914,
        "pointer_to_binary_function.h": 1.7627726864529114,
        "pointer_to_unary_function.h": 1.7627726864529114,
        "ranges_operations.h": 4.255191705381313,
        "reference_wrapper.h": 4.785205782472018,
        "unary_function.h": 1.264195341069694,
        "unary_negate.h": 2.0194509615166902,
        "weak_result_type.h": 3.1236581425072045
    },
    "subdirscores": {},
    "score.percentage": 0.7641722636786633
}