{
    "directory name": "llvm-project/llvm/include/llvm/Transforms/IPO",
    "score.sum": 0.2520742725902628,
    "sha.latest": "a51f4afc5aec8145091fead1d68c81e7d210fc0d",
    "time.latest": 1717824305.328833,
    "formatted_time": "2024-06-08 00:25:05.328836",
    "filescores": {
        "AlwaysInliner.h": 0.0677213675984871,
        "Annotation2Metadata.h": 0.02007646631636598,
        "ArgumentPromotion.h": 0.12184888438369314,
        "Attributor.h": 4.015519063001101,
        "BlockExtractor.h": 0.033937971150823316,
        "CalledValuePropagation.h": 0.028680399379411577,
        "ConstantMerge.h": 0.07583477777056226,
        "CrossDSOCFI.h": 0.03264762690639382,
        "DeadArgumentElimination.h": 0.062494130848589034,
        "ElimAvailExtern.h": 0.03157814254433087,
        "EmbedBitcodePass.h": 0.051576996000688574,
        "ExtractGV.h": 0.0,
        "ForceFunctionAttrs.h": 0.07873210004599948,
        "FunctionAttrs.h": 0.15870857603352784,
        "FunctionImport.h": 0.3288165567541761,
        "FunctionSpecialization.h": 0.3253765141525067,
        "GlobalDCE.h": 0.18188743508691116,
        "GlobalOpt.h": 0.03290506956100239,
        "GlobalSplit.h": 0.028315410461967585,
        "HotColdSplitting.h": 0.0757228776318154,
        "IROutliner.h": 0.2768473435058329,
        "InferFunctionAttrs.h": 0.06653133337128354,
        "Inliner.h": 0.3452288397796839,
        "Internalize.h": 0.1942442558389642,
        "LoopExtractor.h": 0.02007646631636598,
        "LowerTypeTests.h": 0.12484789394544701,
        "MemProfContextDisambiguation.h": 0.059160220247272924,
        "MergeFunctions.h": 0.0,
        "ModuleInliner.h": 0.036557058701788,
        "OpenMPOpt.h": 0.10802401311316462,
        "PartialInlining.h": 0.03075675093108123,
        "ProfiledCallGraph.h": 0.17716096707766635,
        "SCCP.h": 0.1679639969586167,
        "SampleContextTracker.h": 0.1595995269803794,
        "SampleProfile.h": 0.09295479135214818,
        "SampleProfileProbe.h": 0.11659154115645094,
        "StripDeadPrototypes.h": 0.03433048922409676,
        "StripSymbols.h": 0.0,
        "SyntheticCountsPropagation.h": 0.034917029728912294,
        "ThinLTOBitcodeWriter.h": 0.04462763777134642,
        "WholeProgramDevirt.h": 0.21698888041734934
    },
    "subdirscores": {}
}