{
    "directory name": "llvm-project/polly/lib/External/isl/imath",
    "score.sum": 0.0011314232683849795,
    "sha.latest": "f98ee40f4b5d7474fc67e82824bf6abbaedb7b1c",
    "time.latest": 1717795059.9803715,
    "formatted_time": "2024-06-07 16:17:39.980372",
    "filescores": {
        ".dockerignore": 0.0,
        ".travis.yml": 0.0,
        "ChangeLog": 0.022159512924071804,
        "LICENSE": 0.021222698093089135,
        "Makefile": 0.0,
        "README.md": 0.021222698093089135,
        "doc.md": 0.0,
        "doc.md.in": 0.0,
        "gmp_compat.c": 0.04011453022372171,
        "gmp_compat.h": 0.0,
        "imath.c": 0.036160163578413854,
        "imath.h": 0.02007646631636598,
        "imdrover.c": 0.022159512924071804,
        "imdrover.h": 0.021222698093089135,
        "imrat.c": 0.021116256179381183,
        "imrat.h": 0.02007646631636598,
        "imtest.c": 0.022159512924071804,
        "imtimer.c": 0.022159512924071804,
        "iprime.c": 0.022159512924071804,
        "iprime.h": 0.021222698093089135,
        "rsamath.c": 0.022159512924071804,
        "rsamath.h": 0.021222698093089135
    },
    "subdirscores": {
        "contrib": 0.0003353192299866949,
        "examples": 0.0003501209308066069,
        "tests": 0.0005843403751078693,
        "tools": 0.00031720873550238375
    }
}