{
    "directory name": "llvm-project/mlir/examples/toy/Ch5/include/toy",
    "score.sum": 0.00031222273455270655,
    "sha.latest": "34a35a8b244243f5a4ad5d531007bccfeaa0b02e",
    "time.latest": 1717789624.8605278,
    "formatted_time": "2024-06-07 14:47:04.860531",
    "filescores": {
        "AST.h": 14.78651455316358,
        "CMakeLists.txt": 5.839540455336622,
        "Dialect.h": 16.21745247053696,
        "Lexer.h": 3.796073541485538,
        "MLIRGen.h": 5.082768139601783,
        "Ops.td": 30.9568509507335,
        "Parser.h": 10.504708878921807,
        "Passes.h": 6.080860270862617,
        "ShapeInferenceInterface.h": 2.3753567939751576,
        "ShapeInferenceInterface.td": 4.359873945382439
    },
    "subdirscores": {}
}