{
    "directory name": "llvm-project/llvm/lib/Target/NVPTX/MCTargetDesc",
    "score.sum": 0.015662424085011784,
    "sha.latest": "cbafb6f2f5c99474164dcc725820cbbeb2e02e14",
    "time.latest": 1717861918.8040812,
    "formatted_time": "2024-06-08 10:51:58.804085",
    "filescores": {
        "CMakeLists.txt": 0.10358488400310767,
        "NVPTXBaseInfo.h": 0.07776348520886912,
        "NVPTXInstPrinter.cpp": 0.09320439491402631,
        "NVPTXInstPrinter.h": 0.049782524013277894,
        "NVPTXMCAsmInfo.cpp": 0.39144814266869704,
        "NVPTXMCAsmInfo.h": 0.1653555263592571,
        "NVPTXMCTargetDesc.cpp": 0.3453083997745973,
        "NVPTXMCTargetDesc.h": 0.12179200541775291,
        "NVPTXTargetStreamer.cpp": 0.10853360167670971,
        "NVPTXTargetStreamer.h": 0.04408027657413755
    },
    "subdirscores": {}
}