{
    "directory name": "llvm-project/compiler-rt",
    "score.sum": 3.243834492132182,
    "sha.latest": "15e9478187d594016c2c355d8688be2e0a9b554e",
    "time.latest": 1717871172.2263331,
    "formatted_time": "2024-06-08 23:56:12.226350",
    "filescores": {
        ".clang-tidy": 0.020147864924172653,
        "CMakeLists.txt": 5.402455616768785,
        "CODE_OWNERS.TXT": 0.06254074524434669,
        "CREDITS.TXT": 0.06330703246360266,
        "LICENSE.TXT": 0.1666030936109802,
        "README.txt": 0.06614001270197963
    },
    "subdirscores": {
        "cmake": 0.20982269943548032,
        "docs": 0.0017229700718444534,
        "include": 0.06575455771466264,
        "lib": 2.343744189072014,
        "test": 1.1906813515347607,
        "tools": 0.00031720873550238375,
        "unittests": 0.005297916238558994,
        "utils": 0.0046615875988000165,
        "www": 0.0033831411588886437
    }
}