{
    "directory name": "llvm-project/clang/lib/Lex",
    "score.sum": 0.36782873627279067,
    "sha.latest": "3d2a918831e7bcf1285641ee446ac1640819819f",
    "time.latest": 1717817280.437923,
    "formatted_time": "2024-06-08 08:58:00.437927",
    "filescores": {
        "CMakeLists.txt": 0.15442462080490954,
        "DependencyDirectivesScanner.cpp": 0.14085412309161288,
        "HeaderMap.cpp": 0.4885851443957799,
        "HeaderSearch.cpp": 3.7846596977615277,
        "InitHeaderSearch.cpp": 0.34043700829274237,
        "Lexer.cpp": 3.249749144185289,
        "LiteralSupport.cpp": 1.9196755722066503,
        "MacroArgs.cpp": 0.42889577493564707,
        "MacroInfo.cpp": 0.6624230192446479,
        "ModuleMap.cpp": 2.7521461981945485,
        "PPCaching.cpp": 0.19140999681571486,
        "PPCallbacks.cpp": 0.08815554518637561,
        "PPConditionalDirectiveRecord.cpp": 0.060272704020528596,
        "PPDirectives.cpp": 5.02578817956286,
        "PPExpressions.cpp": 0.8273323846137293,
        "PPLexerChange.cpp": 1.588902480962531,
        "PPMacroExpansion.cpp": 4.047913205272393,
        "Pragma.cpp": 2.07934461554915,
        "PreprocessingRecord.cpp": 0.6495805972085926,
        "Preprocessor.cpp": 3.0743459958874477,
        "PreprocessorLexer.cpp": 0.13046587686491617,
        "ScratchBuffer.cpp": 0.18727045725523253,
        "TokenConcatenation.cpp": 0.2202883612640609,
        "TokenLexer.cpp": 1.115144836306989,
        "UnicodeCharSets.h": 0.11663456502303779
    },
    "subdirscores": {}
}