{
    "directory name": "llvm-project/clang/lib/AST/Interp",
    "score.sum": 0.003833987436019203,
    "sha.latest": "e95040f0f05b74406e9d7ee02b110470588cc5f0",
    "time.latest": 1717806117.606265,
    "formatted_time": "2024-06-08 05:51:57.606267",
    "filescores": {
        "Boolean.h": 6.218064564749839e-05,
        "ByteCodeEmitter.cpp": 0.00022478813272540913,
        "ByteCodeEmitter.h": 5.3572483551304014e-05,
        "ByteCodeExprGen.cpp": 0.0015912702318610745,
        "ByteCodeExprGen.h": 0.0005203495875976615,
        "ByteCodeStmtGen.cpp": 0.0002748326143144017,
        "ByteCodeStmtGen.h": 9.195840434660485e-05,
        "Context.cpp": 0.0002183808379449453,
        "Context.h": 9.76426309267959e-05,
        "Descriptor.cpp": 0.00017053256368164605,
        "Descriptor.h": 0.00012971859204600754,
        "Disasm.cpp": 0.00011147186740938538,
        "EvalEmitter.cpp": 0.0001694339032706132,
        "EvalEmitter.h": 9.973707567715646e-05,
        "EvaluationResult.cpp": 1.5282494758396328e-05,
        "EvaluationResult.h": 1.4534128936785089e-05,
        "Floating.cpp": 7.48747789429133e-06,
        "Floating.h": 4.469427850611263e-05,
        "Frame.cpp": 1.3927675832863366e-05,
        "Frame.h": 1.2171740446510239e-05,
        "Function.cpp": 6.946777159327991e-05,
        "Function.h": 0.000148312458659576,
        "FunctionPointer.h": 1.3654536858491343e-05,
        "Integral.h": 0.00015140773093607165,
        "IntegralAP.h": 3.925253475055456e-05,
        "Interp.cpp": 0.0003948189267322946,
        "Interp.h": 0.0008287279029621805,
        "InterpBlock.cpp": 1.2199154359334708e-05,
        "InterpBlock.h": 8.957091220097956e-05,
        "InterpBuiltin.cpp": 0.00022121297856987762,
        "InterpFrame.cpp": 0.00017442806947399415,
        "InterpFrame.h": 7.708166561846711e-05,
        "InterpShared.cpp": 0,
        "InterpShared.h": 0,
        "InterpStack.cpp": 4.528148420812378e-05,
        "InterpStack.h": 9.022999524254543e-05,
        "InterpState.cpp": 4.624706510314183e-05,
        "InterpState.h": 3.127295397553973e-05,
        "Opcode.h": 1.3927675832863366e-05,
        "Opcodes.td": 0.00031012579051841794,
        "Pointer.cpp": 0.0001426029937581914,
        "Pointer.h": 0.00019089402840783706,
        "Primitives.h": 7.48747789429133e-06,
        "PrimType.cpp": 5.3496821717586936e-05,
        "PrimType.h": 0.0001052634561968617,
        "Program.cpp": 0.00015368720310348377,
        "Program.h": 0.00010790447372837975,
        "Record.cpp": 1.2067122243987766e-05,
        "Record.h": 8.57030655981354e-05,
        "Source.cpp": 1.582695133339239e-05,
        "Source.h": 7.659675758369805e-05,
        "State.cpp": 3.054855502341012e-05,
        "State.h": 1.7429510215530763e-05
    },
    "subdirscores": {}
}