{
    "directory name": "llvm-project/libcxx/include/__utility",
    "score.sum": 0.0006413315738234352,
    "sha.latest": "10aed27e9c8966cd11d98a61982b95607ab6e08c",
    "time.latest": 1717839615.0299964,
    "formatted_time": "2024-06-08 15:10:15.029999",
    "filescores": {
        "as_const.h": 3.4113757046020563,
        "as_lvalue.h": 0.0,
        "auto_cast.h": 2.06719026019661,
        "cmp.h": 6.551596890388149,
        "convert_to_integral.h": 2.5839774051374667,
        "declval.h": 2.434940360680316,
        "empty.h": 0.0,
        "exception_guard.h": 2.036938701819339,
        "exchange.h": 6.182947478906786,
        "forward.h": 3.586785592617988,
        "forward_like.h": 1.7284818430490976,
        "integer_sequence.h": 6.4654058650856685,
        "in_place.h": 5.719552896108357,
        "is_pointer_in_range.h": 1.1647460406401728,
        "move.h": 5.59321294505014,
        "no_destroy.h": 1.1927632476586396,
        "pair.h": 24.081777808544373,
        "piecewise_construct.h": 3.9261156257591248,
        "priority_tag.h": 1.2886789734742605,
        "rel_ops.h": 3.4511878135514915,
        "small_buffer.h": 1.2382987947398503,
        "swap.h": 6.448057793714833,
        "to_underlying.h": 5.284988447160878,
        "unreachable.h": 3.5609795111143936
    },
    "subdirscores": {}
}