{
    "directory name": "llvm-project/libc/src/unistd",
    "score.sum": 0.000565272089623323,
    "sha.latest": "c6691f689e9aa787b809fd3493bae8a5ca845cea",
    "time.latest": 1717843570.4330623,
    "formatted_time": "2024-06-08 05:46:10.433066",
    "filescores": {
        "CMakeLists.txt": 18.12534129564989,
        "access.h": 1.0790559415229142,
        "chdir.h": 1.0790559415229142,
        "close.h": 1.0790559415229142,
        "dup.h": 1.0790559415229142,
        "dup2.h": 1.0790559415229142,
        "dup3.h": 1.0790559415229142,
        "environ.cpp": 1.3682946221409853,
        "environ.h": 1.0790559415229142,
        "execv.h": 1.0790559415229142,
        "execve.h": 1.0790559415229142,
        "fchdir.h": 1.0790559415229142,
        "fork.h": 1.0790559415229142,
        "fsync.h": 1.0790559415229142,
        "ftruncate.h": 1.0790559415229142,
        "getcwd.h": 1.0790559415229142,
        "geteuid.h": 1.0790559415229142,
        "getopt.cpp": 3.4501154585436615,
        "getopt.h": 1.9533673672318188,
        "getpid.h": 1.0790559415229142,
        "getppid.h": 1.0790559415229142,
        "getuid.h": 1.0790559415229142,
        "isatty.h": 1.0790559415229142,
        "link.h": 1.0790559415229142,
        "linkat.h": 1.0790559415229142,
        "lseek.h": 1.0790559415229142,
        "pread.h": 1.0790559415229142,
        "pwrite.h": 1.0790559415229142,
        "read.h": 1.0790559415229142,
        "readlink.h": 1.0790559415229142,
        "readlinkat.h": 1.0790559415229142,
        "rmdir.h": 1.0790559415229142,
        "swab.cpp": 1.0790559415229142,
        "swab.h": 1.0790559415229142,
        "symlink.h": 1.0790559415229142,
        "symlinkat.h": 1.0790559415229142,
        "syscall.h": 2.0934313521018955,
        "sysconf.h": 1.0790559415229142,
        "truncate.h": 1.0790559415229142,
        "unlink.h": 1.0790559415229142,
        "unlinkat.h": 1.0790559415229142,
        "write.h": 1.637185777825521
    },
    "subdirscores": {
        "linux": 32.52625023168137
    },
    "score.percentage": 2.6076941691086186
}