{
    "directory name": "llvm-project/lldb/source/Plugins/SymbolFile/DWARF",
    "score.sum": 0.012739550319520152,
    "sha.latest": "f0eb0c5689b25153067e66647590a8300b997740",
    "time.latest": 1717881108.260399,
    "formatted_time": "2024-06-09 02:41:48.260401",
    "filescores": {
        "AppleDWARFIndex.cpp": 0.8548470444891378,
        "AppleDWARFIndex.h": 0.4760158142915074,
        "CMakeLists.txt": 0.8796093222411696,
        "DebugNamesDWARFIndex.cpp": 1.296641066581776,
        "DebugNamesDWARFIndex.h": 0.530109993428895,
        "DIERef.cpp": 0.7092563582178059,
        "DIERef.h": 0.893661275132215,
        "DWARFASTParser.cpp": 0.18599348770417584,
        "DWARFASTParser.h": 0.809837570145927,
        "DWARFASTParserClang.cpp": 9.923313951850513,
        "DWARFASTParserClang.h": 2.570707354055761,
        "DWARFAttribute.cpp": 0.3501626498797791,
        "DWARFAttribute.h": 0.5473775863358152,
        "DWARFBaseDIE.cpp": 0.6528045546251092,
        "DWARFBaseDIE.h": 0.416247724111068,
        "DWARFCompileUnit.cpp": 2.210382204542162,
        "DWARFCompileUnit.h": 1.3018992325035714,
        "DWARFContext.cpp": 0.35388320840170995,
        "DWARFContext.h": 0.2296319323978844,
        "DWARFDataExtractor.cpp": 0.27305027551860434,
        "DWARFDataExtractor.h": 0.3078610175718989,
        "DWARFDebugAranges.cpp": 1.0810784295606248,
        "DWARFDebugAranges.h": 0.41073836428206423,
        "DWARFDebugArangeSet.cpp": 0.48632046528945694,
        "DWARFDebugArangeSet.h": 0.33218822742906723,
        "DWARFDebugInfo.cpp": 2.294389604519033,
        "DWARFDebugInfo.h": 1.1372648207861795,
        "DWARFDebugInfoEntry.cpp": 4.456731550861522,
        "DWARFDebugInfoEntry.h": 2.292201924222808,
        "DWARFDebugMacro.cpp": 0.240612587033523,
        "DWARFDebugMacro.h": 0.21711945202286015,
        "DWARFDebugRanges.cpp": 1.066258031226636,
        "DWARFDebugRanges.h": 0.6564603023863328,
        "DWARFDeclContext.cpp": 0.2888632276774302,
        "DWARFDeclContext.h": 0.663332024094974,
        "DWARFDefines.cpp": 0.6444790514012568,
        "DWARFDefines.h": 0.6383005986912045,
        "DWARFDIE.cpp": 1.2396207955058656,
        "DWARFDIE.h": 0.7494475907948526,
        "DWARFFormValue.cpp": 1.832263678636648,
        "DWARFFormValue.h": 0.9532230897717202,
        "DWARFIndex.cpp": 0.49258445324771,
        "DWARFIndex.h": 0.46582650039951834,
        "DWARFTypeUnit.cpp": 0.09491899997144447,
        "DWARFTypeUnit.h": 0.111866722717613,
        "DWARFUnit.cpp": 3.438574702176178,
        "DWARFUnit.h": 2.088358546446362,
        "LogChannelDWARF.cpp": 0.5005729010622986,
        "LogChannelDWARF.h": 0.5321454932821795,
        "ManualDWARFIndex.cpp": 1.434348099039425,
        "ManualDWARFIndex.h": 0.38023983751356794,
        "NameToDIE.cpp": 1.1652237538668575,
        "NameToDIE.h": 0.5680845590758208,
        "SymbolFileDWARF.cpp": 19.66108710929473,
        "SymbolFileDWARF.h": 8.218893887989003,
        "SymbolFileDWARFDebugMap.cpp": 5.286076541296242,
        "SymbolFileDWARFDebugMap.h": 3.5004932331413303,
        "SymbolFileDWARFDwo.cpp": 2.132169991534321,
        "SymbolFileDWARFDwo.h": 1.6516191942532608,
        "SymbolFileDWARFProperties.td": 0.04787925724116883,
        "UniqueDWARFASTType.cpp": 0.39917967842765156,
        "UniqueDWARFASTType.h": 0.37566909780279645
    },
    "subdirscores": {}
}